id,German,French,Italian,Romansh,Main Language
1,98.7413,0.8392,0.3497,0.0699,German
2,98.4714,0.7916,0.5596,0.1774,German
3,97.9994,0.8659,0.8062,0.3285,German
4,98.7952,0.5842,0.5842,0.0365,German
5,98.0949,0.8512,0.6891,0.3648,German
6,99.2574,0.6188,0.1238,0.0,German
7,98.7529,0.5456,0.7015,0.0,German
8,99.6176,0.3824,0.0,0.0,German
9,98.8839,0.5128,0.5128,0.0905,German
10,98.2245,0.8305,0.5727,0.3723,German
11,98.3333,0.9091,0.5556,0.202,German
12,98.9796,0.5831,0.2915,0.1458,German
13,98.0053,1.5957,0.2216,0.1773,German
14,97.8704,1.3497,0.5699,0.21,German
21,99.8227,0.1773,0.0,0.0,German
22,98.1651,1.3761,0.4587,0.0,German
23,99.0637,0.3745,0.3745,0.1873,German
24,99.8561,0.1439,0.0,0.0,German
25,98.5673,0.6447,0.6447,0.1433,German
26,99.6317,0.3683,0.0,0.0,German
27,98.8678,0.4448,0.6066,0.0809,German
28,99.1338,0.385,0.0962,0.385,German
29,99.1135,0.7092,0.0887,0.0887,German
30,99.4924,0.2175,0.2901,0.0,German
31,99.2486,0.5464,0.2049,0.0,German
32,98.1675,1.0471,0.2618,0.5236,German
33,99.19,0.4361,0.3115,0.0623,German
34,99.2936,0.471,0.157,0.0785,German
35,98.9286,0.5952,0.0595,0.4167,German
36,99.115,0.3933,0.4916,0.0,German
37,99.2215,0.173,0.346,0.2595,German
38,98.8839,0.8185,0.2232,0.0744,German
39,99.6516,0.1742,0.1742,0.0,German
40,99.6711,0.1096,0.2193,0.0,German
41,99.2665,0.0,0.489,0.2445,German
42,99.6203,0.2532,0.0,0.1266,German
43,99.5885,0.0,0.4115,0.0,German
44,99.3808,0.4644,0.1548,0.0,German
51,96.9683,1.819,0.9795,0.2332,German
52,97.3503,1.3584,1.1571,0.1342,German
53,97.6115,1.1943,1.0356,0.1586,German
54,97.1547,1.5784,0.9761,0.2908,German
55,98.36,1.066,0.369,0.205,German
56,97.5763,1.2729,0.7323,0.4185,German
57,98.6391,0.8165,0.4355,0.1089,German
58,98.6011,0.538,0.6098,0.2511,German
59,97.8407,1.4892,0.5957,0.0745,German
60,97.9725,0.7194,1.308,0.0,German
61,98.929,0.5355,0.5355,0.0,German
62,95.9739,2.272,1.42,0.3341,German
63,98.191,1.206,0.603,0.0,German
64,98.4066,1.1308,0.3598,0.1028,German
65,98.5138,1.0616,0.4246,0.0,German
66,95.6223,1.9924,1.9223,0.463,German
67,99.178,0.4289,0.2502,0.143,German
68,97.4648,1.5775,0.5634,0.3944,German
69,97.2672,1.3664,1.0579,0.3085,German
70,99.0637,0.7491,0.0,0.1873,German
71,99.3464,0.5719,0.0817,0.0,German
72,97.6142,1.5337,0.6135,0.2386,German
81,98.5348,1.0989,0.3663,0.0,German
82,98.4427,0.5562,0.2225,0.7786,German
83,97.8331,1.142,0.7613,0.2635,German
84,98.193,0.9856,0.7392,0.0821,German
85,98.3728,0.5917,0.9615,0.074,German
86,97.7052,1.1609,0.9179,0.216,German
87,99.0847,0.4577,0.4577,0.0,German
88,97.7976,1.7807,0.2343,0.1874,German
89,98.3844,0.9088,0.5049,0.202,German
90,97.7517,1.3967,0.7835,0.0681,German
91,97.7428,1.3648,0.6299,0.2625,German
92,97.4581,1.1265,1.011,0.4044,German
93,98.2944,0.8079,0.7181,0.1795,German
94,98.2933,1.0746,0.5689,0.0632,German
95,99.2991,0.7009,0.0,0.0,German
96,97.276,1.3015,1.0593,0.3632,German
97,97.5161,1.1464,1.0509,0.2866,German
98,98.9983,0.5008,0.3339,0.1669,German
99,98.7891,0.8073,0.1009,0.3027,German
100,99.2415,0.3793,0.3161,0.0632,German
101,98.7123,0.7993,0.3108,0.1776,German
102,99.2108,0.451,0.2255,0.1127,German
111,99.0367,0.3211,0.4817,0.1606,German
112,98.8336,0.5729,0.4297,0.1637,German
113,98.8524,0.4155,0.554,0.1781,German
114,99.4388,0.2245,0.3367,0.0,German
115,98.7545,0.48,0.5189,0.2465,German
116,98.6235,0.6324,0.6324,0.1116,German
117,99.0001,0.4615,0.3589,0.1795,German
118,98.341,0.5813,0.9082,0.1695,German
119,98.8626,0.5687,0.4739,0.0948,German
120,98.7629,0.3013,0.7454,0.1903,German
121,98.1086,0.6671,1.0117,0.2126,German
131,96.4788,2.0713,1.0874,0.3625,German
132,98.6199,0.7476,0.5175,0.115,German
133,97.4949,1.099,1.1798,0.2263,German
134,98.7212,0.8951,0.2558,0.1279,German
135,96.6123,2.0752,1.1352,0.1774,German
136,97.1517,1.3664,1.2702,0.2117,German
137,97.7192,1.4698,0.6842,0.1267,German
138,97.9764,0.9124,0.9241,0.1872,German
139,96.6354,2.1127,1.0172,0.2347,German
140,99.0605,0.7634,0.1174,0.0587,German
141,96.9332,1.6025,1.0982,0.3661,German
142,96.9707,1.9601,0.8646,0.2046,German
151,97.2051,1.5318,0.9944,0.2687,German
152,97.1538,1.9754,0.5947,0.2761,German
153,98.6882,0.6223,0.5045,0.185,German
154,96.8962,1.8171,1.0608,0.2259,German
155,98.0631,0.9098,0.7337,0.2935,German
156,97.3366,1.6553,0.764,0.2441,German
157,98.4415,0.6997,0.6043,0.2545,German
158,98.1761,0.9797,0.6774,0.1668,German
159,97.8311,1.0383,0.8306,0.3,German
160,97.1267,1.8797,0.7787,0.2148,German
161,96.4354,2.1895,1.0683,0.3067,German
172,98.3178,0.8023,0.5435,0.3364,German
173,98.8074,0.6867,0.3253,0.1807,German
174,98.088,0.8804,0.6759,0.3557,German
175,99.7375,0.0,0.0,0.2625,German
176,97.903,1.0016,0.939,0.1565,German
177,98.5748,0.4619,0.8182,0.1452,German
178,98.8751,0.6057,0.4038,0.1154,German
180,99.1231,0.4575,0.3812,0.0381,German
181,99.2453,0.3145,0.2516,0.1887,German
182,99.2866,0.4756,0.2378,0.0,German
191,96.801,1.8333,1.1443,0.2215,German
192,98.4067,0.7392,0.6242,0.23,German
193,97.5718,1.6574,0.5781,0.1927,German
194,97.5859,1.5785,0.5803,0.2553,German
195,97.1119,1.8879,0.6762,0.324,German
196,98.5201,1.0218,0.3171,0.1409,German
197,97.2924,1.3839,1.1432,0.1805,German
198,97.8817,0.8446,0.9861,0.2876,German
199,97.8806,1.0597,0.9295,0.1301,German
200,96.5824,1.4354,1.6177,0.3645,German
211,99.8319,0.0,0.1681,0.0,German
213,98.253,1.1446,0.4819,0.1205,German
214,99.3719,0.3769,0.1256,0.1256,German
215,99.4094,0.1969,0.3937,0.0,German
216,99.5126,0.3249,0.1625,0.0,German
217,98.8918,0.5541,0.3911,0.163,German
218,99.4065,0.4451,0.1484,0.0,German
219,98.8755,0.6979,0.2714,0.1551,German
220,98.8764,0.8172,0.3064,0.0,German
221,98.6053,0.9298,0.4184,0.0465,German
222,99.2481,0.5013,0.2506,0.0,German
223,99.0592,0.4457,0.4209,0.0743,German
224,98.4632,0.5829,0.7419,0.212,German
225,99.2565,0.2655,0.478,0.0,German
226,98.9619,0.173,0.692,0.173,German
227,98.6316,0.6929,0.5716,0.1039,German
228,99.0402,0.4499,0.4499,0.06,German
230,98.0811,0.8903,0.8324,0.1962,German
231,98.8798,0.5191,0.5464,0.0546,German
241,97.931,0.9195,1.0345,0.1149,German
242,97.5671,1.2853,0.941,0.2066,German
243,96.892,1.1803,1.6288,0.299,German
244,98.058,0.9843,0.8513,0.1064,German
245,96.6098,1.7528,1.4068,0.2306,German
246,97.0238,1.7316,0.8658,0.3788,German
247,96.9089,1.1096,1.572,0.4095,German
248,96.789,2.1953,0.7864,0.2294,German
249,97.646,1.0026,1.0026,0.3487,German
250,97.6585,1.0362,1.0362,0.2691,German
251,97.4666,1.0613,1.2667,0.2054,German
261,95.2844,2.2227,2.1232,0.3698,German
297,99.262,0.2214,0.4182,0.0984,German
298,98.6573,0.9165,0.4049,0.0213,German
301,98.6769,1.0462,0.2769,0.0,German
302,98.9607,0.3464,0.5774,0.1155,German
303,99.0984,0.7137,0.1878,0.0,German
304,99.0798,0.6748,0.184,0.0613,German
305,98.5626,1.232,0.2053,0.0,German
306,97.6358,1.9734,0.3322,0.0586,German
307,98.626,1.0305,0.3435,0.0,German
309,99.1561,0.8439,0.0,0.0,German
310,98.4038,1.4554,0.0939,0.0469,German
311,98.7476,0.9634,0.2569,0.0321,German
312,99.2297,0.7033,0.067,0.0,German
321,99.1007,0.4796,0.3297,0.0899,German
322,100.0,0.0,0.0,0.0,German
323,99.4983,0.1672,0.3344,0.0,German
324,99.2604,0.4438,0.2959,0.0,German
325,99.4737,0.5263,0.0,0.0,German
326,99.7203,0.1399,0.0,0.1399,German
329,98.9761,0.6287,0.3413,0.0539,German
331,98.8753,0.5624,0.5112,0.0511,German
332,99.763,0.2031,0.0339,0.0,German
333,99.5674,0.2884,0.1442,0.0,German
334,100.0,0.0,0.0,0.0,German
335,99.262,0.369,0.369,0.0,German
336,97.861,2.139,0.0,0.0,German
337,99.4182,0.1939,0.3878,0.0,German
338,99.6109,0.2335,0.1556,0.0,German
339,100.0,0.0,0.0,0.0,German
340,99.8092,0.1908,0.0,0.0,German
341,99.2941,0.7059,0.0,0.0,German
342,99.4118,0.4314,0.1176,0.0392,German
344,99.7725,0.2275,0.0,0.0,German
345,99.4733,0.4515,0.0,0.0752,German
351,95.0862,3.7462,1.0288,0.1389,German
352,97.2389,2.2162,0.3815,0.1635,German
353,97.2654,2.0438,0.6621,0.0288,German
354,97.5128,1.895,0.3948,0.1974,German
355,96.6769,2.6436,0.5798,0.0998,German
356,96.5923,2.8682,0.5035,0.036,German
357,99.7567,0.1217,0.1217,0.0,German
358,98.0354,1.5717,0.275,0.1179,German
359,98.9598,0.8091,0.208,0.0231,German
360,97.7424,1.8505,0.3454,0.0617,German
361,96.6509,2.531,0.6519,0.1662,German
362,96.5119,2.6581,0.7851,0.0449,German
363,96.7121,2.368,0.7922,0.1278,German
371,67.3473,31.3844,1.1972,0.0711,German
372,63.4561,35.7413,0.7082,0.0944,German
381,98.0205,1.6382,0.3413,0.0,German
382,97.1852,2.5185,0.2963,0.0,German
383,98.4837,1.1464,0.2959,0.074,German
385,99.0431,0.9569,0.0,0.0,German
386,98.5191,1.2471,0.0,0.2338,German
387,96.8401,2.5757,0.5045,0.0797,German
388,98.8362,0.8953,0.2686,0.0,German
389,94.8276,5.1724,0.0,0.0,German
390,96.1575,3.6551,0.1874,0.0,German
391,99.0591,0.8065,0.0,0.1344,German
392,95.6458,3.659,0.5123,0.1829,German
393,97.8673,2.0142,0.1185,0.0,German
394,98.2792,1.7208,0.0,0.0,German
401,99.2639,0.5258,0.1052,0.1052,German
402,99.4485,0.3676,0.1838,0.0,German
403,98.7879,0.9091,0.303,0.0,German
404,98.7916,0.792,0.3511,0.0653,German
405,99.4986,0.3582,0.0716,0.0716,German
406,99.7453,0.2183,0.0364,0.0,German
407,99.737,0.1972,0.0657,0.0,German
408,99.4737,0.5263,0.0,0.0,German
409,98.663,1.0028,0.2786,0.0557,German
410,99.2063,0.7937,0.0,0.0,German
411,99.7701,0.2299,0.0,0.0,German
412,98.6833,0.6583,0.6144,0.0439,German
413,99.0109,0.7288,0.2603,0.0,German
414,98.8854,0.8025,0.3121,0.0,German
415,99.3735,0.3915,0.2349,0.0,German
416,100.0,0.0,0.0,0.0,German
417,97.6077,1.4354,0.9569,0.0,German
418,99.308,0.3893,0.2595,0.0433,German
419,100.0,0.0,0.0,0.0,German
420,98.625,1.125,0.1875,0.0625,German
421,99.2537,0.7463,0.0,0.0,German
422,100.0,0.0,0.0,0.0,German
423,100.0,0.0,0.0,0.0,German
424,99.5468,0.4028,0.0504,0.0,German
431,21.5162,76.9675,1.2996,0.2166,French
432,11.0442,88.755,0.0,0.2008,French
433,21.5947,78.0731,0.1661,0.1661,French
434,12.3984,87.0935,0.3049,0.2033,French
435,17.364,82.636,0.0,0.0,French
437,72.7273,27.2727,0.0,0.0,German
438,15.0356,84.8754,0.089,0.0,French
441,26.6494,72.5744,0.6468,0.1294,French
442,45.0,55.0,0.0,0.0,French
443,7.7662,91.0061,1.2276,0.0,French
444,13.1469,86.4336,0.4196,0.0,French
445,19.4175,80.2913,0.2913,0.0,French
446,9.1007,90.4685,0.4308,0.0,French
448,12.4051,86.2025,1.2658,0.1266,French
449,25.4121,74.1758,0.4121,0.0,French
450,17.9344,80.9524,0.9276,0.1855,French
491,95.8472,3.9867,0.1661,0.0,German
492,96.6223,3.173,0.2047,0.0,German
493,97.5275,1.9231,0.5495,0.0,German
494,85.9967,14.0033,0.0,0.0,German
495,89.3979,10.2094,0.3927,0.0,German
496,96.2949,3.327,0.2647,0.1134,German
497,97.2043,2.7957,0.0,0.0,German
498,96.7991,2.7594,0.4415,0.0,German
499,99.6491,0.1754,0.1754,0.0,German
500,97.9221,2.0779,0.0,0.0,German
501,96.5885,2.9851,0.4264,0.0,German
502,95.422,4.578,0.0,0.0,German
532,98.0,2.0,0.0,0.0,German
533,99.2812,0.3994,0.2396,0.0799,German
535,100.0,0.0,0.0,0.0,German
536,98.1707,1.8293,0.0,0.0,German
538,98.9991,0.7914,0.2095,0.0,German
540,98.7763,0.8543,0.2771,0.0924,German
541,99.5074,0.4926,0.0,0.0,German
543,99.292,0.708,0.0,0.0,German
544,97.8488,1.9557,0.163,0.0326,German
546,98.0819,1.5369,0.3197,0.0615,German
551,97.9391,1.6258,0.3893,0.0458,German
552,99.4049,0.3273,0.238,0.0298,German
553,100.0,0.0,0.0,0.0,German
554,98.3957,0.9358,0.6684,0.0,German
556,100.0,0.0,0.0,0.0,German
557,98.8889,1.1111,0.0,0.0,German
561,98.8827,0.7939,0.147,0.1764,German
562,99.472,0.3696,0.1584,0.0,German
563,99.3618,0.4946,0.1117,0.0319,German
564,99.0251,0.5571,0.4178,0.0,German
565,98.7642,1.0299,0.206,0.0,German
566,97.9518,1.9277,0.1205,0.0,German
567,99.5005,0.4371,0.0312,0.0312,German
571,99.0934,0.6346,0.1813,0.0907,German
572,99.3114,0.4427,0.1968,0.0492,German
573,98.6752,1.0598,0.1893,0.0757,German
574,99.044,0.7648,0.1912,0.0,German
575,97.3607,1.7595,0.5865,0.2933,German
576,99.0132,0.8074,0.0598,0.1196,German
577,98.9059,0.6565,0.2188,0.2188,German
578,100.0,0.0,0.0,0.0,German
579,99.8342,0.1658,0.0,0.0,German
580,99.0272,0.7782,0.1946,0.0,German
581,98.6182,0.9212,0.3838,0.0768,German
582,99.5074,0.4926,0.0,0.0,German
584,98.5169,0.9322,0.339,0.2119,German
585,98.6683,1.0896,0.1211,0.1211,German
586,100.0,0.0,0.0,0.0,German
587,98.8247,0.7624,0.3494,0.0635,German
588,100.0,0.0,0.0,0.0,German
589,98.8814,0.2237,0.6711,0.2237,German
590,99.236,0.5518,0.1698,0.0424,German
591,100.0,0.0,0.0,0.0,German
592,99.6485,0.1757,0.1757,0.0,German
593,98.8503,0.7439,0.3607,0.0451,German
594,98.7348,0.8273,0.3893,0.0487,German
602,99.4775,0.5225,0.0,0.0,German
603,99.0315,0.4843,0.1816,0.3027,German
605,99.7703,0.2297,0.0,0.0,German
606,100.0,0.0,0.0,0.0,German
607,99.7268,0.2732,0.0,0.0,German
608,99.3612,0.4613,0.1419,0.0355,German
609,100.0,0.0,0.0,0.0,German
610,99.389,0.611,0.0,0.0,German
611,99.3075,0.277,0.277,0.1385,German
612,99.2584,0.4545,0.2632,0.0239,German
613,100.0,0.0,0.0,0.0,German
614,98.6582,1.105,0.0789,0.1579,German
615,99.7934,0.2066,0.0,0.0,German
616,98.6435,1.0658,0.2035,0.0872,German
617,99.4836,0.5164,0.0,0.0,German
619,99.3203,0.6206,0.0591,0.0,German
620,99.7455,0.2545,0.0,0.0,German
622,99.4718,0.3521,0.1761,0.0,German
623,97.8174,1.6481,0.49,0.0445,German
624,99.529,0.471,0.0,0.0,German
625,100.0,0.0,0.0,0.0,German
626,99.5729,0.267,0.0,0.1602,German
627,98.4281,1.1288,0.3798,0.0633,German
628,99.4437,0.4868,0.0695,0.0,German
629,99.6479,0.3521,0.0,0.0,German
630,98.5043,1.2821,0.2137,0.0,German
632,99.3849,0.4979,0.0586,0.0586,German
661,90.3846,9.6154,0.0,0.0,German
662,98.751,1.0824,0.0833,0.0833,German
663,98.1023,1.5677,0.2475,0.0825,German
664,99.6667,0.3333,0.0,0.0,German
665,98.3498,1.6502,0.0,0.0,German
666,98.2323,1.7677,0.0,0.0,German
667,98.1854,1.499,0.2761,0.0394,German
668,98.4405,1.3645,0.1559,0.039,German
669,94.1748,4.8544,0.4854,0.4854,German
670,98.6284,1.0474,0.2743,0.0499,German
671,99.4083,0.2959,0.2959,0.0,German
681,6.8852,91.8033,1.3115,0.0,French
683,9.3333,90.6667,0.0,0.0,French
687,15.5779,84.4221,0.0,0.0,French
690,7.2607,92.4917,0.2475,0.0,French
691,15.0943,84.5283,0.3774,0.0,French
692,5.9649,94.0351,0.0,0.0,French
694,12.5714,86.8571,0.2857,0.2857,French
696,12.9338,87.0662,0.0,0.0,French
700,4.7071,94.7254,0.5341,0.0334,French
701,10.5769,88.9423,0.4808,0.0,French
703,8.3463,91.0835,0.5702,0.0,French
704,16.3462,82.6923,0.9615,0.0,French
706,13.28,86.4,0.32,0.0,French
707,8.0745,91.9255,0.0,0.0,French
708,84.3137,15.6863,0.0,0.0,German
709,92.3077,7.6923,0.0,0.0,German
711,7.6613,91.9355,0.4032,0.0,French
713,7.3864,92.2727,0.3409,0.0,French
715,66.6667,33.3333,0.0,0.0,German
716,33.0645,66.9355,0.0,0.0,French
717,6.0793,93.1404,0.7477,0.0325,French
723,17.9255,81.622,0.3829,0.0696,French
724,13.0856,86.5913,0.3231,0.0,French
726,20.472,78.9791,0.4391,0.1098,French
731,95.5311,4.2098,0.2591,0.0,German
732,93.1519,6.3213,0.5268,0.0,German
733,92.2778,7.1236,0.5986,0.0,German
734,97.0822,2.6525,0.2653,0.0,German
735,97.7848,2.2152,0.0,0.0,German
736,96.5217,3.1884,0.0,0.2899,German
737,98.4375,1.1719,0.3906,0.0,German
738,97.6311,2.1997,0.0,0.1692,German
739,91.0007,8.6635,0.2686,0.0672,German
740,92.7313,6.8282,0.4405,0.0,German
741,94.402,5.598,0.0,0.0,German
742,93.5578,6.1493,0.1464,0.1464,German
743,82.8028,16.5036,0.6047,0.0889,German
744,92.7248,6.6878,0.5423,0.0452,German
745,88.8932,10.7157,0.3129,0.0782,German
746,96.0542,3.6514,0.2945,0.0,German
747,95.8838,4.1162,0.0,0.0,German
748,97.1901,2.4793,0.3306,0.0,German
749,96.2147,3.402,0.2875,0.0958,German
750,94.9814,4.8327,0.0929,0.0929,German
751,96.3311,3.4452,0.1342,0.0895,German
754,98.9529,0.9162,0.1309,0.0,German
755,97.1471,2.4024,0.3504,0.1001,German
756,93.1665,6.641,0.1925,0.0,German
761,98.5882,0.9412,0.2353,0.2353,German
762,99.6493,0.1503,0.1503,0.0501,German
763,99.2499,0.6347,0.0577,0.0577,German
766,99.7478,0.1261,0.0,0.1261,German
767,99.4337,0.0,0.2265,0.3398,German
768,99.0179,0.682,0.2546,0.0455,German
769,98.9381,0.6925,0.2308,0.1385,German
770,99.5722,0.3209,0.0,0.107,German
782,99.3769,0.3115,0.0,0.3115,German
783,99.2681,0.6404,0.0,0.0915,German
784,99.4728,0.2636,0.2636,0.0,German
785,98.9717,0.6772,0.301,0.0502,German
786,99.6569,0.3431,0.0,0.0,German
791,99.422,0.5058,0.0723,0.0,German
792,99.2063,0.5602,0.0934,0.1401,German
793,99.4565,0.3882,0.1553,0.0,German
794,98.9811,0.9098,0.0728,0.0364,German
841,97.6219,2.3781,0.0,0.0,German
842,98.7755,1.2245,0.0,0.0,German
843,96.7962,2.6699,0.4419,0.0921,German
852,99.8165,0.1835,0.0,0.0,German
853,99.361,0.5112,0.0639,0.0639,German
855,99.1611,0.6964,0.095,0.0475,German
861,98.5701,0.9998,0.372,0.0581,German
863,99.6939,0.3061,0.0,0.0,German
865,100.0,0.0,0.0,0.0,German
866,98.6348,1.2514,0.0,0.1138,German
867,98.8588,1.1412,0.0,0.0,German
868,100.0,0.0,0.0,0.0,German
869,99.3307,0.5355,0.0,0.1339,German
870,97.561,1.8211,0.4228,0.1951,German
872,98.2412,1.2563,0.1256,0.3769,German
873,98.951,1.049,0.0,0.0,German
874,99.4845,0.5155,0.0,0.0,German
875,97.7778,1.1111,0.0,1.1111,German
876,99.1877,0.8123,0.0,0.0,German
877,99.8084,0.1916,0.0,0.0,German
878,100.0,0.0,0.0,0.0,German
879,99.4583,0.375,0.0417,0.125,German
880,99.4695,0.4244,0.0531,0.0531,German
881,99.768,0.232,0.0,0.0,German
883,99.6403,0.2569,0.1028,0.0,German
884,98.9423,0.9135,0.0481,0.0962,German
885,99.2949,0.5128,0.1923,0.0,German
886,99.5416,0.3438,0.1146,0.0,German
888,99.187,0.4878,0.2439,0.0813,German
901,99.9589,0.0411,0.0,0.0,German
902,99.5358,0.3333,0.0714,0.0595,German
903,99.6493,0.3118,0.0,0.039,German
904,99.9197,0.0803,0.0,0.0,German
905,99.7768,0.1339,0.0,0.0893,German
906,99.8875,0.1125,0.0,0.0,German
907,99.3734,0.5529,0.0737,0.0,German
908,99.9328,0.0672,0.0,0.0,German
909,99.9278,0.0722,0.0,0.0,German
921,99.0541,0.6757,0.2703,0.0,German
922,99.6503,0.3497,0.0,0.0,German
923,99.6561,0.2063,0.1376,0.0,German
924,99.7938,0.0,0.2062,0.0,German
925,99.7097,0.2903,0.0,0.0,German
927,98.682,0.659,0.4942,0.1647,German
928,99.0951,0.5027,0.3016,0.1005,German
929,98.9489,0.7955,0.1705,0.0852,German
931,99.1489,0.2128,0.2128,0.4255,German
932,100.0,0.0,0.0,0.0,German
934,99.0433,0.8056,0.1511,0.0,German
935,99.3562,0.6438,0.0,0.0,German
936,100.0,0.0,0.0,0.0,German
937,98.8417,0.7722,0.3861,0.0,German
938,99.2993,0.5074,0.0966,0.0966,German
939,98.9341,0.7625,0.2567,0.0467,German
940,100.0,0.0,0.0,0.0,German
941,99.0132,0.8772,0.1096,0.0,German
942,98.5866,0.9185,0.4149,0.0801,German
943,98.7897,1.2103,0.0,0.0,German
944,99.1238,0.6711,0.1864,0.0186,German
945,99.7788,0.2212,0.0,0.0,German
946,100.0,0.0,0.0,0.0,German
947,100.0,0.0,0.0,0.0,German
948,99.2101,0.7899,0.0,0.0,German
951,99.7438,0.1708,0.0854,0.0,German
952,99.7062,0.2938,0.0,0.0,German
953,99.5633,0.2183,0.1456,0.0728,German
954,99.4026,0.2987,0.2528,0.046,German
955,99.4364,0.3757,0.1342,0.0537,German
956,99.4322,0.4258,0.1419,0.0,German
957,99.5081,0.3074,0.1435,0.041,German
958,99.6317,0.1842,0.1842,0.0,German
959,99.8152,0.1848,0.0,0.0,German
960,99.7423,0.1718,0.0,0.0859,German
971,99.1955,0.4023,0.4023,0.0,German
972,100.0,0.0,0.0,0.0,German
973,99.1031,0.8969,0.0,0.0,German
975,99.0698,0.9302,0.0,0.0,German
976,99.0099,0.9901,0.0,0.0,German
977,99.3658,0.3171,0.3171,0.0,German
978,99.0,0.0,0.0,1.0,German
979,98.7919,0.6903,0.4219,0.0959,German
980,99.5238,0.3175,0.1587,0.0,German
981,99.0447,0.6471,0.2773,0.0308,German
982,99.1221,0.2394,0.6385,0.0,German
983,99.1235,0.4781,0.3984,0.0,German
985,99.686,0.314,0.0,0.0,German
987,99.3258,0.2247,0.4494,0.0,German
988,99.5011,0.4989,0.0,0.0,German
989,99.5671,0.4329,0.0,0.0,German
990,100.0,0.0,0.0,0.0,German
991,99.6276,0.3724,0.0,0.0,German
992,99.0285,0.6072,0.1821,0.1821,German
993,99.1892,0.5405,0.2703,0.0,German
995,99.0237,0.3254,0.5579,0.093,German
996,100.0,0.0,0.0,0.0,German
1001,100.0,0.0,0.0,0.0,German
1002,99.4018,0.2519,0.3149,0.0315,German
1004,99.6815,0.1274,0.0637,0.1274,German
1005,99.7554,0.1835,0.0612,0.0,German
1007,99.8613,0.0,0.1387,0.0,German
1008,99.6444,0.3009,0.0547,0.0,German
1009,99.8855,0.0573,0.0,0.0573,German
1010,99.8054,0.073,0.0487,0.073,German
1021,99.6583,0.1139,0.1139,0.1139,German
1022,99.6721,0.0,0.3279,0.0,German
1023,99.4458,0.3023,0.1511,0.1008,German
1024,98.4347,0.5444,0.8638,0.1571,German
1025,99.8534,0.1466,0.0,0.0,German
1026,99.1927,0.4037,0.1835,0.2202,German
1030,99.3098,0.4601,0.2045,0.0256,German
1031,98.9472,0.5264,0.4626,0.0638,German
1032,99.4803,0.3032,0.1732,0.0433,German
1033,99.6982,0.1207,0.0,0.1811,German
1037,99.5384,0.1731,0.0577,0.2308,German
1039,99.5775,0.2113,0.0704,0.1408,German
1040,99.0026,0.5249,0.4374,0.035,German
1041,100.0,0.0,0.0,0.0,German
1051,98.8214,0.7116,0.3558,0.1112,German
1052,98.5551,0.7723,0.4733,0.1993,German
1053,99.0672,0.3731,0.5597,0.0,German
1054,98.6311,0.4601,0.7294,0.1795,German
1055,98.6945,1.0444,0.2611,0.0,German
1056,98.4012,0.7267,0.1453,0.7267,German
1057,100.0,0.0,0.0,0.0,German
1058,98.5467,0.6972,0.6383,0.1178,German
1059,98.5371,0.563,0.77,0.1299,German
1061,97.964,0.9544,0.8801,0.2015,German
1062,99.6188,0.1815,0.1452,0.0545,German
1063,98.615,0.7861,0.5428,0.0561,German
1064,99.6739,0.1087,0.0,0.2174,German
1065,99.027,0.2883,0.6486,0.036,German
1066,99.6471,0.2823,0.0706,0.0,German
1067,99.1779,0.5872,0.0587,0.1762,German
1068,98.9807,0.5663,0.453,0.0,German
1069,98.6335,0.911,0.3153,0.1402,German
1081,99.548,0.2055,0.1849,0.0616,German
1082,99.375,0.1389,0.4861,0.0,German
1083,99.7502,0.2082,0.0416,0.0,German
1084,99.4103,0.4212,0.0842,0.0842,German
1085,99.3823,0.2745,0.2745,0.0686,German
1086,99.7976,0.0405,0.1215,0.0405,German
1088,99.3614,0.2554,0.2554,0.1277,German
1089,99.5324,0.334,0.0668,0.0668,German
1091,100.0,0.0,0.0,0.0,German
1093,99.3651,0.2381,0.3373,0.0595,German
1094,98.8462,0.4274,0.5128,0.2137,German
1095,99.1507,0.4671,0.2972,0.0849,German
1097,99.0618,0.4691,0.2985,0.1706,German
1098,99.503,0.2571,0.2057,0.0343,German
1099,99.0955,0.2513,0.402,0.2513,German
1100,99.8145,0.1855,0.0,0.0,German
1102,99.1142,0.5378,0.1898,0.1582,German
1103,99.0485,0.3432,0.5147,0.0936,German
1104,99.1387,0.3564,0.4455,0.0594,German
1107,99.5175,0.1135,0.2555,0.1135,German
1121,99.7797,0.2203,0.0,0.0,German
1122,99.8724,0.1276,0.0,0.0,German
1123,99.8134,0.0933,0.0933,0.0,German
1125,99.3555,0.3491,0.188,0.1074,German
1126,99.7442,0.2558,0.0,0.0,German
1127,99.2654,0.2755,0.0918,0.3673,German
1128,99.7941,0.1544,0.0,0.0515,German
1129,99.5008,0.0,0.4992,0.0,German
1130,99.2958,0.5869,0.1174,0.0,German
1131,99.5951,0.2699,0.0,0.135,German
1132,99.8277,0.0574,0.0,0.1149,German
1135,100.0,0.0,0.0,0.0,German
1136,99.7291,0.1548,0.1161,0.0,German
1137,99.4297,0.2535,0.2535,0.0634,German
1139,99.4874,0.3262,0.0932,0.0932,German
1140,99.2619,0.1687,0.4429,0.1265,German
1142,99.359,0.641,0.0,0.0,German
1143,99.4536,0.3415,0.1366,0.0683,German
1145,99.2248,0.5168,0.0,0.2584,German
1146,99.0231,0.0888,0.7105,0.1776,German
1147,98.9628,0.5186,0.5186,0.0,German
1150,99.6072,0.2806,0.0,0.1122,German
1151,99.6754,0.1082,0.1855,0.0309,German
1201,98.9983,0.2116,0.5926,0.1975,German
1202,98.1818,0.3306,0.5785,0.9091,German
1203,99.6494,0.1403,0.1403,0.0701,German
1204,100.0,0.0,0.0,0.0,German
1205,99.6476,0.1084,0.1898,0.0542,German
1206,99.0368,0.2627,0.5546,0.1459,German
1207,99.6231,0.0,0.3769,0.0,German
1208,99.3724,0.0,0.2092,0.4184,German
1209,99.5138,0.3241,0.0,0.1621,German
1210,98.0296,0.0,0.4926,1.4778,German
1211,99.8134,0.1866,0.0,0.0,German
1212,100.0,0.0,0.0,0.0,German
1213,99.3295,0.2459,0.3129,0.1118,German
1214,99.3797,0.0689,0.4135,0.1378,German
1215,99.0792,0.7366,0.1842,0.0,German
1216,99.6979,0.0504,0.1007,0.1511,German
1217,99.6845,0.0,0.3155,0.0,German
1218,99.7919,0.0,0.2081,0.0,German
1219,99.7354,0.0,0.2646,0.0,German
1220,99.7685,0.0,0.2315,0.0,German
1301,99.2153,0.2737,0.2646,0.2464,German
1311,99.0031,0.4361,0.4984,0.0623,German
1321,98.3916,0.8351,0.433,0.3402,German
1322,98.7141,0.4931,0.5124,0.2804,German
1323,98.1646,1.0262,0.5921,0.2171,German
1331,98.8728,0.501,0.4668,0.1594,German
1341,98.8541,0.5602,0.382,0.2037,German
1342,98.9599,0.52,0.2141,0.3059,German
1343,97.561,0.0,1.8293,0.6098,German
1344,98.7559,0.3218,0.6221,0.3003,German
1345,98.8739,0.2703,0.4955,0.3604,German
1346,99.2466,0.1884,0.3579,0.2072,German
1347,99.0901,0.1365,0.5914,0.182,German
1348,99.8945,0.1055,0.0,0.0,German
1349,99.5602,0.2329,0.1552,0.0517,German
1361,100.0,0.0,0.0,0.0,German
1362,98.9978,0.4088,0.3824,0.211,German
1363,99.8605,0.0,0.0,0.1395,German
1364,99.0884,0.2116,0.3907,0.3093,German
1365,99.5227,0.358,0.1193,0.0,German
1366,100.0,0.0,0.0,0.0,German
1367,99.8493,0.0904,0.0301,0.0301,German
1368,99.5556,0.2963,0.0,0.1481,German
1369,100.0,0.0,0.0,0.0,German
1370,99.4854,0.0,0.2287,0.2859,German
1371,99.5575,0.1475,0.0737,0.2212,German
1372,99.3563,0.1287,0.3175,0.1974,German
1373,99.2531,0.1179,0.3931,0.2358,German
1374,99.7558,0.0,0.1221,0.1221,German
1375,99.5775,0.1878,0.1878,0.0469,German
1401,99.5246,0.1664,0.2615,0.0475,German
1402,98.7413,0.7343,0.2448,0.2797,German
1403,99.7476,0.0947,0.0947,0.0631,German
1404,99.7472,0.2107,0.0211,0.0211,German
1405,99.505,0.33,0.11,0.055,German
1406,99.4138,0.373,0.1066,0.1066,German
1407,99.2344,0.37,0.268,0.1276,German
1501,99.1291,0.4922,0.2272,0.1515,German
1502,98.8454,0.3534,0.5655,0.2356,German
1503,99.6114,0.1943,0.0648,0.1295,German
1504,98.8338,0.1944,0.9718,0.0,German
1505,98.7757,0.5287,0.473,0.2226,German
1506,98.9625,0.5764,0.4611,0.0,German
1507,98.2418,0.9875,0.6021,0.1686,German
1508,99.3706,0.1851,0.3702,0.074,German
1509,98.9484,0.4692,0.4692,0.1133,German
1510,98.0914,1.0215,0.7527,0.1344,German
1511,99.4901,0.3399,0.1133,0.0567,German
1630,98.6865,0.3858,0.7635,0.1642,German
1631,98.8102,0.2541,0.6931,0.2426,German
1632,98.9897,0.2745,0.626,0.1098,German
1701,98.063,1.0169,0.7887,0.1314,German
1702,98.3438,0.8757,0.5711,0.2094,German
1703,98.3238,1.1066,0.4394,0.1302,German
1704,98.2938,1.0397,0.4799,0.1866,German
1705,98.3575,0.8844,0.4422,0.3159,German
1706,98.955,0.4976,0.3235,0.2239,German
1707,98.4871,1.0208,0.4192,0.0729,German
1708,98.1049,0.9832,0.7267,0.1852,German
1709,98.7585,0.7313,0.2891,0.2211,German
1710,98.114,1.3158,0.4386,0.1316,German
1711,97.3142,1.2203,1.1853,0.2803,German
2004,0.8368,98.7448,0.4184,0.0,French
2005,10.4072,88.914,0.4525,0.2262,French
2008,12.3506,86.4542,1.1952,0.0,French
2009,7.4675,92.5325,0.0,0.0,French
2010,10.0787,89.7638,0.0,0.1575,French
2011,3.4137,95.9839,0.6024,0.0,French
2013,6.2739,93.617,0.1091,0.0,French
2014,2.6365,96.9868,0.3766,0.0,French
2015,7.2775,92.3166,0.3479,0.058,French
2016,2.2514,97.7486,0.0,0.0,French
2022,26.9307,72.4752,0.5941,0.0,French
2024,8.2816,91.5114,0.207,0.0,French
2025,6.2092,93.4641,0.3268,0.0,French
2027,4.6429,95.3571,0.0,0.0,French
2029,5.2115,94.6045,0.1839,0.0,French
2033,8.6207,91.3793,0.0,0.0,French
2034,6.7308,92.7885,0.4808,0.0,French
2035,3.5587,96.4413,0.0,0.0,French
2038,9.2593,90.7407,0.0,0.0,French
2039,1.3216,98.6784,0.0,0.0,French
2040,1.6043,98.3957,0.0,0.0,French
2041,6.8224,92.9907,0.1869,0.0,French
2043,6.6667,93.3333,0.0,0.0,French
2044,4.1096,95.5479,0.3425,0.0,French
2045,11.1111,88.8889,0.0,0.0,French
2047,6.0729,93.1174,0.4049,0.4049,French
2049,1.8634,98.1366,0.0,0.0,French
2050,5.6443,93.8232,0.5325,0.0,French
2051,12.6984,87.1429,0.1587,0.0,French
2052,4.3534,94.8784,0.7682,0.0,French
2061,2.3392,97.6608,0.0,0.0,French
2063,2.2414,97.5862,0.0,0.1724,French
2066,5.8201,94.1799,0.0,0.0,French
2067,0.6154,99.3846,0.0,0.0,French
2068,9.1797,90.4297,0.3906,0.0,French
2072,2.8226,96.371,0.8065,0.0,French
2079,0.6536,99.3464,0.0,0.0,French
2086,1.5464,98.4536,0.0,0.0,French
2087,1.4943,98.3908,0.1149,0.0,French
2089,3.125,96.875,0.0,0.0,French
2096,3.0653,96.6823,0.2524,0.0,French
2097,1.2277,98.5491,0.1116,0.1116,French
2099,1.9287,97.9544,0.1169,0.0,French
2102,1.8476,97.9215,0.2309,0.0,French
2111,3.1328,96.7419,0.1253,0.0,French
2113,2.3893,97.5524,0.0583,0.0,French
2114,2.8293,96.9756,0.1951,0.0,French
2115,4.4944,95.1846,0.321,0.0,French
2116,2.1014,97.775,0.1236,0.0,French
2121,3.0159,96.9048,0.0,0.0794,French
2122,6.7261,93.0308,0.2431,0.0,French
2123,4.1436,95.0276,0.8287,0.0,French
2124,3.1401,96.4976,0.3623,0.0,French
2125,3.1814,96.4817,0.3088,0.0281,French
2128,9.4972,90.5028,0.0,0.0,French
2129,3.9474,96.0526,0.0,0.0,French
2130,11.2821,88.2051,0.5128,0.0,French
2131,3.4553,96.3415,0.2033,0.0,French
2134,2.1127,97.8873,0.0,0.0,French
2135,3.7708,95.8666,0.2175,0.145,French
2137,5.3613,94.4056,0.2331,0.0,French
2138,90.3846,9.6154,0.0,0.0,German
2140,3.4236,96.3376,0.2389,0.0,French
2143,2.9817,96.789,0.2294,0.0,French
2145,3.7123,96.2877,0.0,0.0,French
2147,4.8165,94.9541,0.2294,0.0,French
2148,3.2631,96.329,0.2719,0.136,French
2149,3.2013,96.6302,0.1685,0.0,French
2152,1.426,98.574,0.0,0.0,French
2153,2.611,97.1279,0.1305,0.1305,French
2155,1.9324,97.8261,0.1208,0.1208,French
2160,1.8494,97.8864,0.2642,0.0,French
2162,2.1469,97.8531,0.0,0.0,French
2163,7.9837,91.8415,0.1748,0.0,French
2171,6.1192,93.7198,0.161,0.0,French
2172,13.75,86.25,0.0,0.0,French
2173,2.812,96.8366,0.3515,0.0,French
2174,9.0909,90.2913,0.6178,0.0,French
2175,8.4755,91.2047,0.3198,0.0,French
2177,4.0462,95.9538,0.0,0.0,French
2179,15.0,85.0,0.0,0.0,French
2183,8.495,91.1706,0.3344,0.0,French
2184,5.4667,93.7333,0.6667,0.1333,French
2185,1.5748,97.6378,0.7874,0.0,French
2186,4.382,95.0562,0.5618,0.0,French
2189,9.9062,89.781,0.2086,0.1043,French
2192,4.5482,95.1444,0.2459,0.0615,French
2194,9.4118,90.5882,0.0,0.0,French
2196,27.3611,69.9004,2.5804,0.1581,French
2197,16.2724,81.9965,1.7311,0.0,French
2198,17.9726,81.4677,0.4353,0.1244,French
2200,6.3988,93.0804,0.5208,0.0,French
2206,19.5268,79.0159,1.2858,0.1714,French
2208,7.804,91.6515,0.5445,0.0,French
2211,7.209,92.1958,0.3968,0.1984,French
2213,6.4444,93.5556,0.0,0.0,French
2216,28.4615,70.0,1.5385,0.0,French
2217,9.2077,90.5782,0.2141,0.0,French
2220,9.9312,89.6389,0.4299,0.0,French
2221,6.3257,93.4051,0.2692,0.0,French
2222,5.6807,93.9275,0.3918,0.0,French
2223,3.7515,96.1313,0.1172,0.0,French
2225,4.717,95.283,0.0,0.0,French
2226,3.4983,95.9898,0.4266,0.0853,French
2228,13.2626,85.7206,0.9726,0.0442,French
2230,7.5758,92.4242,0.0,0.0,French
2231,3.1097,96.7267,0.1637,0.0,French
2233,9.8945,89.5778,0.5277,0.0,French
2234,4.2975,95.5372,0.0826,0.0826,French
2235,9.2227,90.1186,0.6588,0.0,French
2243,23.382,76.2004,0.4175,0.0,French
2250,67.7711,31.7771,0.4518,0.0,German
2251,95.9184,4.0816,0.0,0.0,German
2254,36.1936,63.2563,0.44,0.11,French
2257,44.1034,55.5735,0.3231,0.0,French
2258,98.6813,0.8791,0.4396,0.0,German
2259,94.3689,5.2427,0.3883,0.0,German
2260,99.2537,0.7463,0.0,0.0,German
2261,93.5252,5.7554,0.7194,0.0,German
2262,95.2472,4.5933,0.1276,0.0319,German
2264,95.3039,4.4199,0.0,0.2762,German
2265,97.2599,2.3707,0.3079,0.0616,German
2266,96.0825,3.0928,0.8247,0.0,German
2270,98.8701,1.1299,0.0,0.0,German
2271,85.5932,14.1949,0.2119,0.0,German
2272,9.9556,89.7778,0.2667,0.0,French
2274,92.5868,6.9401,0.4732,0.0,German
2275,88.4001,11.0309,0.4596,0.1094,German
2276,97.4834,2.2517,0.2649,0.0,German
2277,97.9487,2.0513,0.0,0.0,German
2278,97.4138,2.5862,0.0,0.0,German
2279,20.3271,79.6729,0.0,0.0,French
2280,35.9551,63.6704,0.3745,0.0,French
2281,39.1073,59.9362,0.9564,0.0,French
2283,44.9324,54.3919,0.3378,0.3378,French
2291,97.4957,2.3904,0.0569,0.0569,German
2292,98.8971,1.1029,0.0,0.0,German
2293,95.4883,4.3794,0.1322,0.0,German
2294,93.5793,6.3469,0.0738,0.0,German
2295,97.9585,1.4432,0.528,0.0704,German
2296,99.2502,0.656,0.0937,0.0,German
2298,97.4464,2.3493,0.2043,0.0,German
2299,97.6338,2.1972,0.1127,0.0563,German
2300,97.651,2.2371,0.1119,0.0,German
2301,96.2264,3.6743,0.0993,0.0,German
2302,98.6472,1.2987,0.0541,0.0,German
2303,95.9402,4.0598,0.0,0.0,German
2304,91.1051,8.8949,0.0,0.0,German
2305,97.5421,2.0875,0.2694,0.101,German
2306,95.3199,4.4654,0.1717,0.0429,German
2307,90.2804,9.6262,0.0935,0.0,German
2308,98.8819,0.8751,0.1458,0.0972,German
2309,97.9464,1.812,0.1691,0.0725,German
2310,98.6486,1.3514,0.0,0.0,German
2321,3.6962,95.9494,0.2532,0.1013,French
2323,4.5657,95.2116,0.2227,0.0,French
2325,2.7242,96.8502,0.4257,0.0,French
2328,3.6332,96.1938,0.173,0.0,French
2333,1.2103,98.6384,0.1513,0.0,French
2335,2.2222,97.7778,0.0,0.0,French
2336,2.416,96.9538,0.6303,0.0,French
2337,2.2277,97.401,0.2475,0.1238,French
2338,1.1222,98.6284,0.2494,0.0,French
2401,99.0401,0.4363,0.4363,0.0873,German
2402,99.2467,0.3766,0.3766,0.0,German
2403,98.8801,0.6588,0.3953,0.0659,German
2404,99.577,0.3021,0.1208,0.0,German
2405,99.7674,0.1163,0.1163,0.0,German
2406,99.0285,0.5552,0.347,0.0694,German
2407,99.1443,0.4721,0.2951,0.0885,German
2408,99.6183,0.1091,0.2726,0.0,German
2421,99.6183,0.1908,0.0,0.1908,German
2422,98.9276,0.6435,0.4051,0.0238,German
2423,95.2381,4.7619,0.0,0.0,German
2424,99.4371,0.5629,0.0,0.0,German
2425,99.6262,0.3738,0.0,0.0,German
2426,99.3261,0.4043,0.0674,0.2022,German
2427,99.6737,0.2447,0.0816,0.0,German
2428,99.5226,0.217,0.217,0.0434,German
2429,98.6124,0.9251,0.37,0.0925,German
2445,98.6063,1.3937,0.0,0.0,German
2455,99.0596,0.7837,0.1567,0.0,German
2456,99.1781,0.8219,0.0,0.0,German
2457,99.0923,0.8321,0.0756,0.0,German
2461,98.6799,1.1001,0.0,0.22,German
2463,99.6644,0.3356,0.0,0.0,German
2464,98.9631,0.9217,0.0,0.1152,German
2465,99.1453,0.7265,0.0855,0.0427,German
2471,97.6663,1.867,0.4667,0.0,German
2472,98.9117,0.3628,0.6046,0.1209,German
2473,97.8115,1.3622,0.6923,0.134,German
2474,98.4496,1.2403,0.3101,0.0,German
2475,99.422,0.3854,0.1927,0.0,German
2476,98.3777,1.2895,0.3328,0.0,German
2477,99.3515,0.6485,0.0,0.0,German
2478,99.5098,0.4085,0.0817,0.0,German
2479,98.5738,1.3423,0.0,0.0839,German
2480,99.209,0.565,0.113,0.113,German
2481,97.6007,2.1422,0.2571,0.0,German
2491,98.8281,0.0,0.0,1.1719,German
2492,99.2,0.8,0.0,0.0,German
2493,99.2749,0.3468,0.2837,0.0946,German
2495,98.5075,0.5686,0.8884,0.0355,German
2497,98.8319,0.6489,0.4543,0.0649,German
2498,100.0,0.0,0.0,0.0,German
2499,98.7845,0.5525,0.1105,0.5525,German
2500,98.4619,0.5916,0.8282,0.1183,German
2501,98.8896,0.2613,0.7838,0.0653,German
2502,99.0148,0.0,0.2463,0.7389,German
2503,98.7654,0.7168,0.4381,0.0796,German
2511,99.723,0.1847,0.0923,0.0,German
2513,98.9365,0.6148,0.4154,0.0332,German
2514,98.0519,1.9481,0.0,0.0,German
2516,99.2798,0.4986,0.2216,0.0,German
2517,98.8667,0.5893,0.5213,0.0227,German
2518,99.458,0.542,0.0,0.0,German
2519,98.5925,0.8378,0.5027,0.067,German
2520,99.3369,0.5305,0.1326,0.0,German
2523,98.973,0.5135,0.5135,0.0,German
2524,100.0,0.0,0.0,0.0,German
2525,99.418,0.582,0.0,0.0,German
2526,98.7592,0.8732,0.3217,0.046,German
2527,98.9394,0.3409,0.6439,0.0758,German
2528,98.8989,0.6006,0.5005,0.0,German
2529,99.3671,0.6329,0.0,0.0,German
2530,99.589,0.137,0.2055,0.0685,German
2532,99.0248,0.5762,0.3546,0.0443,German
2534,98.07,1.0823,0.7756,0.0722,German
2535,99.8496,0.1504,0.0,0.0,German
2541,99.435,0.565,0.0,0.0,German
2542,98.4017,0.8258,0.6926,0.0799,German
2543,97.8473,1.6402,0.4357,0.0769,German
2544,98.7377,0.8415,0.4208,0.0,German
2545,99.6739,0.2174,0.0,0.1087,German
2546,95.7879,3.1129,0.9649,0.1343,German
2547,99.1705,0.553,0.1843,0.0922,German
2548,99.3779,0.4666,0.1555,0.0,German
2549,100.0,0.0,0.0,0.0,German
2550,98.3023,0.8655,0.7656,0.0666,German
2551,98.9247,0.8449,0.2304,0.0,German
2553,98.4021,1.3316,0.1332,0.1332,German
2554,99.1784,0.4695,0.2347,0.1174,German
2555,98.8705,0.9789,0.0753,0.0753,German
2556,98.4462,1.2351,0.3187,0.0,German
2571,99.4801,0.1733,0.3466,0.0,German
2572,99.2861,0.2856,0.3808,0.0476,German
2573,97.9899,0.691,1.2877,0.0314,German
2574,99.1489,0.0,0.4255,0.4255,German
2575,99.3077,0.4615,0.0,0.2308,German
2576,99.1787,0.3382,0.4348,0.0483,German
2578,99.2349,0.306,0.306,0.153,German
2579,98.7791,0.5272,0.6382,0.0555,German
2580,98.412,0.9074,0.6352,0.0454,German
2581,97.8639,1.1043,0.9028,0.129,German
2582,98.8834,0.6203,0.2481,0.2481,German
2583,97.4704,1.2808,1.1207,0.1281,German
2584,99.4614,0.3591,0.1795,0.0,German
2585,99.6711,0.3289,0.0,0.0,German
2586,98.6741,0.663,0.5834,0.0796,German
2601,98.0934,1.2958,0.5117,0.099,German
2611,98.7835,0.9732,0.1217,0.1217,German
2612,99.0066,0.9934,0.0,0.0,German
2613,98.809,0.7803,0.3285,0.0821,German
2614,98.9117,0.7255,0.3023,0.0605,German
2615,98.7668,1.2332,0.0,0.0,German
2616,98.1707,1.626,0.2033,0.0,German
2617,99.7877,0.2123,0.0,0.0,German
2618,99.0794,0.5754,0.3452,0.0,German
2619,98.6979,0.8681,0.2604,0.1736,German
2620,98.791,0.5181,0.1727,0.5181,German
2621,99.3545,0.4695,0.1174,0.0587,German
2622,99.1023,0.5386,0.0,0.3591,German
2701,95.8052,2.604,1.4483,0.1424,German
2702,98.7342,0.9494,0.3165,0.0,German
2703,97.3649,1.8048,0.6862,0.1442,German
2761,97.5,1.3757,1.0053,0.119,German
2762,96.9896,2.0679,0.8407,0.1017,German
2763,97.4218,1.8778,0.5812,0.1192,German
2764,97.9407,1.771,0.2059,0.0824,German
2765,95.9946,2.6885,1.1444,0.1726,German
2766,96.3894,2.0031,1.4927,0.1148,German
2767,96.6697,2.56,0.6797,0.0906,German
2768,98.4926,1.0698,0.389,0.0486,German
2769,97.4037,1.657,0.8654,0.0739,German
2770,97.5326,1.6108,0.7468,0.1098,German
2771,97.3657,2.0015,0.5553,0.0775,German
2772,98.4333,1.0805,0.3782,0.108,German
2773,97.5136,1.7012,0.7328,0.0523,German
2774,98.1691,1.4821,0.3487,0.0,German
2775,98.0384,1.454,0.4252,0.0823,German
2781,98.3897,1.6103,0.0,0.0,German
2782,99.1519,0.4626,0.3855,0.0,German
2783,98.6111,0.463,0.9259,0.0,German
2784,98.4424,1.0903,0.3115,0.1558,German
2785,97.7121,1.9066,0.286,0.0953,German
2786,97.9298,1.8002,0.09,0.18,German
2787,97.389,1.6151,0.9152,0.0808,German
2788,98.0952,1.4286,0.4762,0.0,German
2789,98.8201,0.59,0.59,0.0,German
2790,97.3856,2.2876,0.3268,0.0,German
2791,98.8,1.0,0.2,0.0,German
2792,99.1446,0.5988,0.2566,0.0,German
2793,97.5493,1.9127,0.4782,0.0598,German
2821,98.5437,0.89,0.5663,0.0,German
2822,97.0706,1.9973,0.7989,0.1332,German
2823,99.1628,0.6481,0.135,0.054,German
2824,98.3221,0.743,0.8869,0.0479,German
2825,98.0107,1.4525,0.4421,0.0947,German
2826,98.0848,1.2312,0.684,0.0,German
2827,100.0,0.0,0.0,0.0,German
2828,97.8549,0.875,1.1854,0.0847,German
2829,98.3113,0.965,0.6188,0.1049,German
2830,99.1213,0.703,0.1757,0.0,German
2831,97.5413,1.1381,1.1488,0.1718,German
2832,98.2456,1.5789,0.1754,0.0,German
2833,98.3363,1.4886,0.0876,0.0876,German
2834,98.9457,0.811,0.2433,0.0,German
2841,99.5662,0.4338,0.0,0.0,German
2842,97.6783,1.3267,0.8292,0.1658,German
2843,99.1243,0.5254,0.3503,0.0,German
2844,99.8822,0.1178,0.0,0.0,German
2845,99.537,0.0,0.463,0.0,German
2846,98.6108,0.8514,0.4705,0.0672,German
2847,99.5833,0.4167,0.0,0.0,German
2848,99.6364,0.0,0.3636,0.0,German
2849,98.737,0.8172,0.3715,0.0743,German
2850,98.5849,0.2358,0.9434,0.2358,German
2851,96.2617,3.7383,0.0,0.0,German
2852,99.115,0.354,0.531,0.0,German
2853,98.913,0.7246,0.3623,0.0,German
2854,98.9899,0.5051,0.0,0.5051,German
2855,99.7319,0.2681,0.0,0.0,German
2856,99.2262,0.4762,0.2381,0.0595,German
2857,99.7854,0.2146,0.0,0.0,German
2858,98.452,1.0836,0.4644,0.0,German
2859,100.0,0.0,0.0,0.0,German
2860,99.1085,0.5944,0.1486,0.1486,German
2861,98.8751,0.551,0.4591,0.1148,German
2862,99.1883,0.3247,0.3247,0.1623,German
2863,99.4186,0.3488,0.2326,0.0,German
2864,99.3871,0.4086,0.2043,0.0,German
2865,99.685,0.315,0.0,0.0,German
2866,99.262,0.738,0.0,0.0,German
2867,99.6933,0.3067,0.0,0.0,German
2868,99.2941,0.2353,0.4706,0.0,German
2869,98.7434,0.4833,0.725,0.0483,German
2881,98.8987,1.1013,0.0,0.0,German
2882,99.4737,0.5263,0.0,0.0,German
2883,99.0991,0.6006,0.3003,0.0,German
2884,99.1603,0.458,0.3817,0.0,German
2885,99.6146,0.1927,0.1927,0.0,German
2886,98.9831,0.6215,0.3955,0.0,German
2887,98.6047,0.9302,0.4651,0.0,German
2888,98.703,0.7782,0.3891,0.1297,German
2889,100.0,0.0,0.0,0.0,German
2890,99.3151,0.6849,0.0,0.0,German
2891,98.4646,0.6008,0.7343,0.2003,German
2892,98.7328,0.6864,0.3168,0.264,German
2893,98.4195,1.0057,0.431,0.1437,German
2894,99.7305,0.2695,0.0,0.0,German
2895,98.8134,0.4315,0.6472,0.1079,German
2901,99.3865,0.3681,0.1227,0.1227,German
2903,99.5141,0.3887,0.0972,0.0,German
2904,99.026,0.3896,0.5195,0.0649,German
2914,99.0654,0.0,0.9346,0.0,German
2915,99.4366,0.0,0.4225,0.1408,German
2917,99.1708,0.4975,0.1658,0.1658,German
2919,99.336,0.2656,0.3984,0.0,German
2920,98.9067,0.4068,0.5339,0.1526,German
2931,100.0,0.0,0.0,0.0,German
2932,98.7162,0.5205,0.6593,0.1041,German
