commune_id,percentages FDP/PLR (PRD),percentages CVP/PDC,percentages SP/PS,percentages SVP/UDC,percentages LPS/PLS,percentages LdU/AdI,percentages EVP/PEV,percentages CSP/PCS,percentages GLP/PVL,percentages BDP/PBD,percentages PdA/PST,percentages PSA,percentages POCH,percentages GPS/PES,percentages FGA/AVF,percentages Sol.,percentages SD/DS,percentages Rep./Rép.,percentages EDU/UDF,percentages FPS/PSL,percentages Lega,percentages MCR,percentages Sep./Sép.,percentages Übrige/Autres
1,18.69166,2.0764278,18.6459405,30.9292491,0.0,0.0,3.4670629,0.0,8.4352497,2.617442,0.1676382,0.0,0.0,7.0750943,0.0,0.0,0.3124167,0.0,4.575761,0.0,0.0,0.0,0.0,3.0060578
2,14.2266236,4.5853868,19.0803141,33.7857855,0.0,0.0,5.464827,0.0,7.3578595,4.1642988,0.1900485,0.0,0.0,6.211047,0.0,0.0,0.1909801,0.0,1.5772165,0.0,0.0,0.0,0.0,3.1656124
3,16.4726356,3.3785406,20.4032645,29.100156,0.0,0.0,3.1430029,0.0,11.862398,3.8031085,0.112518,0.0,0.0,6.6610658,0.0,0.0,0.1665266,0.0,1.7492799,0.0,0.0,0.0,0.0,3.1475036
4,12.7936522,2.881915,19.3933045,34.9373691,0.0,0.0,2.5698747,0.0,8.7482726,4.656087,0.1939108,0.0,0.0,8.0216645,0.0,0.0,0.1849953,0.0,1.6404404,0.0,0.0,0.0,0.0,3.9785138
5,15.8058268,3.9181664,22.4780082,30.1145993,0.0,0.0,3.5892987,0.0,9.6259382,3.7688645,0.2279881,0.0,0.0,6.4663869,0.0,0.0,0.0181583,0.0,1.8218869,0.0,0.0,0.0,0.0,2.1648777
6,10.9525418,2.7444688,10.2854248,48.6150988,0.0,0.0,6.6036143,0.0,5.62405,5.1342679,0.3124472,0.0,0.0,4.3827056,0.0,0.0,0.0253336,0.0,2.7444688,0.0,0.0,0.0,0.0,2.5755784
7,11.4565803,3.1260518,18.4365533,32.876136,0.0,0.0,6.1679569,0.0,10.4215752,5.944968,0.0084147,0.0,0.0,5.8019185,0.0,0.0,0.1682935,0.0,3.2691013,0.0,0.0,0.0,0.0,2.3224504
8,4.8901371,3.5023955,22.7325293,43.3834462,0.0,0.0,3.7336858,0.0,4.8570957,3.4528333,0.6443086,0.0,0.0,5.1709896,0.0,0.0,0.0,0.0,2.1146539,0.0,0.0,0.0,0.0,5.517925
9,13.1847175,3.6491554,18.8002821,35.6710151,0.0,0.0,3.4680599,0.0,9.6205007,4.3527036,0.1330171,0.0,0.0,5.059457,0.0,0.0,0.250008,0.0,3.3190166,0.0,0.0,0.0,0.0,2.4920671
10,14.4130318,6.4881756,16.9221382,36.1740288,0.0,0.0,4.7926335,0.0,7.3886434,4.3581162,0.0869035,0.0,0.0,3.7054157,0.0,0.0,0.1053936,0.0,2.8770593,0.0,0.0,0.0,0.0,2.6884603
11,16.8383429,4.1343015,18.6085782,34.8896769,0.0,0.0,2.0995159,0.0,8.2179444,4.9082517,0.1660475,0.0,0.0,4.8153777,0.0,0.0,0.0197006,0.0,2.1361027,0.0,0.0,0.0,0.0,3.1661601
12,9.321812,1.7216549,21.1311862,30.5184603,0.0,0.0,7.3972244,0.0,9.020686,3.5676879,0.2487562,0.0,0.0,10.7685258,0.0,0.0,0.2029327,0.0,2.90652,0.0,0.0,0.0,0.0,3.1945535
13,18.8134955,3.4616832,17.6194657,40.4615578,0.0,0.0,1.6831807,0.0,6.6374012,4.0662235,0.2357958,0.0,0.0,3.993478,0.0,0.0,0.0351185,0.0,0.516744,0.0,0.0,0.0,0.0,2.475856
14,24.8477333,4.5036418,14.3868517,32.0890368,0.0,0.0,2.2369082,0.0,9.2333291,4.0813764,0.0737787,0.0,0.0,4.607246,0.0,0.0,0.0800578,0.0,1.2495291,0.0,0.0,0.0,0.0,2.6105111
21,7.3926284,0.8610732,8.3167069,56.8203297,0.0,0.0,4.7254017,0.0,3.9168329,6.6260632,0.0315027,0.0,0.0,3.8328258,0.0,0.0,0.388533,0.0,5.5864749,0.0,0.0,0.0,0.0,1.5016276
22,10.8577972,1.5927545,11.9404539,43.8059546,0.0,0.0,1.4053716,0.0,3.8413492,9.6293983,0.0520508,0.0,0.0,9.4420154,0.0,0.0,0.3643556,0.0,5.6631272,0.0,0.0,0.0,0.0,1.4053716
23,10.5853175,2.8769841,7.6686508,50.1488095,0.0,0.0,3.1845238,0.0,7.906746,8.234127,0.0496032,0.0,0.0,4.2162698,0.0,0.0,0.0198413,0.0,1.9444444,0.0,0.0,0.0,0.0,3.1646825
24,12.9089019,1.9995201,7.5421899,51.4196593,0.0,0.0,1.5116372,0.0,9.5177157,7.4142206,0.0,0.0,0.0,2.2794529,0.0,0.0,0.0559866,0.0,4.5589059,0.0,0.0,0.0,0.0,0.79181
25,12.0911063,5.1670282,19.791757,32.0607375,0.0,0.0,4.5856833,0.0,8.845987,5.7527115,0.1735358,0.0,0.0,6.9370933,0.0,0.0,0.2993492,0.0,2.2906725,0.0,0.0,0.0,0.0,2.0043384
26,10.4746507,1.9748239,10.5208454,49.1511722,0.0,0.0,2.2404435,0.0,3.2220811,5.4509759,0.0577434,0.0,0.0,2.6215498,0.0,0.0,0.1154868,0.0,11.2715094,0.0,0.0,0.0,0.0,2.8987181
27,10.621146,3.7028125,23.2726726,36.5889607,0.0,0.0,2.394345,0.0,6.1182133,5.0864792,0.0421116,0.0,0.0,5.7121372,0.0,0.0,0.0300797,0.0,2.3281696,0.0,0.0,0.0,0.0,4.1028726
28,10.9973739,1.2165711,11.061686,50.9512836,0.0,0.0,6.0935741,0.0,3.7890562,5.3968594,0.0214374,0.0,0.0,3.2316844,0.0,0.0,0.0964682,0.0,5.530843,0.0,0.0,0.0,0.0,1.6131625
29,16.9302426,4.2244367,21.9562392,28.0491768,0.0,0.0,1.9009965,0.0,9.0337955,5.080156,0.0270797,0.0,0.0,6.4612218,0.0,0.0,0.1408146,0.0,1.5543761,0.0,0.0,0.0,0.0,4.6414645
30,16.4331862,2.3252095,11.7731721,34.0913452,0.0,0.0,7.6472846,0.0,10.4010746,5.3860423,0.0255869,0.0,0.0,6.7197595,0.0,0.0,0.2942493,0.0,2.5267063,0.0,0.0,0.0,0.0,2.3763833
31,13.4955399,2.2092912,15.4106852,37.7753621,0.0,0.0,7.0467116,0.0,8.5494133,4.776673,0.0255779,0.0,0.0,4.9493238,0.0,0.0,0.0031972,0.0,4.2619177,0.0,0.0,0.0,0.0,1.4963072
32,15.0297619,1.7708333,9.360119,50.014881,0.0,0.0,2.8720238,0.0,7.5446429,4.3154762,0.0297619,0.0,0.0,2.7678571,0.0,0.0,0.0,0.0,4.7767857,0.0,0.0,0.0,0.0,1.5178571
33,12.5887364,1.5872438,14.1869016,42.6335141,0.0,0.0,3.2363756,0.0,8.6570316,6.6838982,0.0254833,0.0,0.0,5.3878918,0.0,0.0,0.1055736,0.0,3.0288689,0.0,0.0,0.0,0.0,1.8784812
34,16.7086599,3.8867115,11.1515491,39.7163121,0.0,0.0,1.8010452,0.0,7.1388578,8.4266517,0.1259798,0.0,0.0,4.4139604,0.0,0.0,0.1959686,0.0,3.7747294,0.0,0.0,0.0,0.0,2.6595745
35,7.8040711,2.0643027,11.1738474,47.7594764,0.0,0.0,2.7440121,0.0,7.0632238,7.0560311,0.0071927,0.0,0.0,8.0234482,0.0,0.0,0.1726246,0.0,4.2257067,0.0,0.0,0.0,0.0,1.9060634
36,27.4296416,1.498279,9.3288115,36.3686981,0.0,0.0,3.796315,0.0,5.7349666,3.9734764,0.0101235,0.0,0.0,6.0285483,0.0,0.0,0.0050618,0.0,2.6877911,0.0,0.0,0.0,0.0,3.1382871
37,12.2929238,2.7482172,12.6549643,44.0702139,0.0,0.0,4.7394405,0.0,7.7838727,5.9736698,0.0329128,0.0,0.0,5.2386177,0.0,0.0,0.0109709,0.0,0.7240812,0.0,0.0,0.0,0.0,3.7301152
38,7.4216404,7.4636724,20.6556983,30.4791642,0.0,0.0,2.5759577,0.0,6.7070974,8.6585805,0.6725111,0.0,0.0,9.5352468,0.0,0.0,0.0900685,0.0,1.5852048,0.0,0.0,0.0,0.0,4.1551579
39,9.5230055,0.3123681,10.7387083,53.9890249,0.0,0.0,2.6677923,0.0,3.8750528,8.9320388,0.0,0.0,0.0,3.5542423,0.0,0.0,0.3799071,0.0,2.7691009,0.0,0.0,0.0,0.0,3.258759
40,7.7316736,0.5739972,14.1839557,50.0276625,0.0,0.0,1.5145228,0.0,4.5919779,11.417704,0.0069156,0.0,0.0,5.5048409,0.0,0.0,0.2904564,0.0,3.0290456,0.0,0.0,0.0,0.0,1.1272476
41,9.0010015,1.2018027,12.5938908,40.2603906,0.0,0.0,4.1311968,0.0,4.1437156,6.1717576,0.8763145,0.0,0.0,6.0841262,0.0,0.0,0.0500751,0.0,11.1917877,0.0,0.0,0.0,0.0,4.2939409
42,20.3943438,1.4472549,12.4278032,37.2767709,0.0,0.0,4.4347076,0.0,8.0462059,2.609042,0.3651331,0.0,0.0,7.4885481,0.0,0.0,0.0796654,0.0,3.7376353,0.0,0.0,0.0,0.0,1.6928899
43,14.0686062,0.4342162,7.620495,56.4481112,0.0,0.0,5.2105949,0.0,4.8632219,4.2336083,0.0,0.0,0.0,2.9309596,0.0,0.0,0.0,0.0,2.7138515,0.0,0.0,0.0,0.0,1.4763352
44,14.7810412,0.4983565,13.4132117,43.7599406,0.0,0.0,4.2625384,0.0,6.6376842,6.0757078,0.0,0.0,0.0,5.8106245,0.0,0.0,0.4241332,0.0,2.2266992,0.0,0.0,0.0,0.0,2.1100626
51,15.8134703,3.3416056,16.5839441,35.4215964,0.0,0.0,5.1826629,0.0,7.1766607,4.6430427,0.1211981,0.0,0.0,3.6936573,0.0,0.0,0.3001097,0.0,4.5535869,0.0,0.0,0.0,0.0,3.1684654
52,13.7017922,4.7728968,17.8729109,37.1066266,0.0,0.0,2.8990182,0.0,6.8866802,5.3454428,0.0635042,0.0,0.0,4.6519364,0.0,0.0,0.2681289,0.0,3.6651009,0.0,0.0,0.0,0.0,2.7659617
53,13.1706508,3.1785913,19.6878296,35.4954549,0.0,0.0,5.7385306,0.0,6.6973227,3.7670218,0.0592579,0.0,0.0,5.6312739,0.0,0.0,0.1605888,0.0,4.1279022,0.0,0.0,0.0,0.0,2.2855755
54,15.9250971,3.1218682,20.8275559,31.9970896,0.0,0.0,2.0839912,0.0,10.2854162,5.9389629,0.1386582,0.0,0.0,4.4906028,0.0,0.0,0.1702338,0.0,1.9096388,0.0,0.0,0.0,0.0,3.1108854
55,14.006776,3.1669044,19.657632,31.8741084,0.0,0.0,3.2043509,0.0,9.9857347,4.2796006,0.117689,0.0,0.0,5.4350927,0.0,0.0,0.3031384,0.0,4.4971469,0.0,0.0,0.0,0.0,3.471826
56,11.7988209,5.1389022,16.3522959,40.916987,0.0,0.0,2.8737912,0.0,5.986951,4.4098538,0.129943,0.0,0.0,3.7122652,0.0,0.0,0.2735641,0.0,5.3208223,0.0,0.0,0.0,0.0,3.0858034
57,9.1046991,3.1063479,15.9769167,37.6257214,0.0,0.0,8.7485573,0.0,6.8557296,6.1632317,0.0692498,0.0,0.0,5.8103875,0.0,0.0,0.1286068,0.0,3.6009893,0.0,0.0,0.0,0.0,2.8095631
58,7.7435356,2.0047766,16.5319432,45.1246957,0.0,0.0,3.9705139,0.0,9.6564552,4.4022413,0.0321499,0.0,0.0,5.0130896,0.0,0.0,0.2388279,0.0,3.2081018,0.0,0.0,0.0,0.0,2.0736692
59,7.9779493,2.0330761,17.3142227,49.1466373,0.0,0.0,4.3219405,0.0,3.9823594,3.8015436,0.1675854,0.0,0.0,3.4002205,0.0,0.0,0.0485116,0.0,5.9977949,0.0,0.0,0.0,0.0,1.8081588
60,7.8434675,1.6338218,10.4205266,57.5599349,0.0,0.0,3.6494301,0.0,5.9176913,2.7398798,0.0056145,0.0,0.0,2.6668912,0.0,0.0,0.2077368,0.0,4.5477514,0.0,0.0,0.0,0.0,2.8072539
61,12.477193,1.8385965,16.3087719,46.0701754,0.0,0.0,2.3789474,0.0,6.3929825,5.5649123,0.0491228,0.0,0.0,3.3122807,0.0,0.0,0.3017544,0.0,2.4140351,0.0,0.0,0.0,0.0,2.8912281
62,10.4478309,5.1082784,17.7699562,43.5293843,0.0,0.0,3.0089006,0.0,5.7327965,4.789011,0.0763127,0.0,0.0,4.5437202,0.0,0.0,0.2990212,0.0,2.1180666,0.0,0.0,0.0,0.0,2.5767215
63,16.8663031,3.1296192,11.4276976,44.6353025,0.0,0.0,2.1764616,0.0,7.3856975,4.0012233,0.0152913,0.0,0.0,3.5017075,0.0,0.0,0.0611652,0.0,4.7250115,0.0,0.0,0.0,0.0,2.0745196
64,17.3817198,2.6818292,11.4570664,46.2174653,0.0,0.0,2.5906106,0.0,5.8775237,5.283082,0.0091219,0.0,0.0,3.4146193,0.0,0.0,0.1778764,0.0,3.1120774,0.0,0.0,0.0,0.0,1.797008
65,8.2691664,2.9394041,10.1238701,52.3066622,0.0,0.0,1.3458319,0.0,4.1714094,5.9122866,0.0,0.0,0.0,3.3143622,0.0,0.0,0.0066957,0.0,9.2333445,0.0,0.0,0.0,0.0,2.3769669
66,13.0803025,5.8313329,18.1586575,39.8783912,0.0,0.0,2.921328,0.0,8.1163096,3.8656642,0.2094751,0.0,0.0,2.8420671,0.0,0.0,0.2660899,0.0,1.5365279,0.0,0.0,0.0,0.0,3.2938539
67,10.9190136,2.2522247,19.1785285,37.5913821,0.0,0.0,3.9363024,0.0,6.8157289,4.2580488,0.1547641,0.0,0.0,5.0094691,0.0,0.0,0.077382,0.0,7.1863482,0.0,0.0,0.0,0.0,2.6208076
68,10.8750416,2.8233281,20.1578022,39.4838158,0.0,0.0,5.26641,0.0,5.7417178,2.5428965,0.06179,0.0,0.0,5.0002377,0.0,0.0,0.1140739,0.0,3.7454252,0.0,0.0,0.0,0.0,4.1874614
69,18.8004756,4.2086814,19.6613598,35.0962801,0.0,0.0,2.3602897,0.0,7.3796692,4.0735651,0.2092373,0.0,0.0,4.0141139,0.0,0.0,0.1134977,0.0,1.5634892,0.0,0.0,0.0,0.0,2.5193409
70,8.4178633,1.3436965,18.20577,52.5227243,0.0,0.0,2.5424845,0.0,5.4538269,4.4131208,0.0131735,0.0,0.0,3.5304966,0.0,0.0,0.0658675,0.0,2.4107496,0.0,0.0,0.0,0.0,1.0802266
71,12.7805651,2.8201743,12.4900977,44.0823871,0.0,0.0,3.7127013,0.0,7.6366517,4.2408239,0.2534988,0.0,0.0,4.6950092,0.0,0.0,0.4066543,0.0,3.5384209,0.0,0.0,0.0,0.0,3.3430156
72,20.3450327,3.0933968,11.9988102,44.8998612,0.0,0.0,2.5718818,0.0,6.5298433,4.1344438,0.1447551,0.0,0.0,2.1078723,0.0,0.0,0.1586357,0.0,2.117787,0.0,0.0,0.0,0.0,1.89768
81,5.4654521,0.5998667,12.3417018,54.287936,0.0,0.0,1.5996445,0.0,5.0877583,2.3772495,0.0,0.0,0.0,5.4765608,0.0,0.0,0.2443901,0.0,11.4752277,0.0,0.0,0.0,0.0,1.0442124
82,16.733292,2.9840662,13.9969596,40.2060695,0.0,0.0,6.7563763,0.0,7.8880694,2.2127132,0.0112606,0.0,0.0,4.5887056,0.0,0.0,0.0056303,0.0,3.7385282,0.0,0.0,0.0,0.0,0.8783289
83,13.5637381,3.4407449,13.0694663,47.413694,0.0,0.0,2.3870646,0.0,6.3565654,4.0499636,0.0134105,0.0,0.0,4.2128051,0.0,0.0,0.2241465,0.0,2.8870838,0.0,0.0,0.0,0.0,2.3813173
84,12.3289461,3.083053,13.965185,48.2510859,0.0,0.0,2.5213103,0.0,8.7755969,3.6186681,0.0261276,0.0,0.0,4.0693687,0.0,0.0,0.2547438,0.0,1.1822724,0.0,0.0,0.0,0.0,1.9236422
85,10.9124332,3.7990196,16.6889483,47.0699643,0.0,0.0,1.0806595,0.0,9.6256684,4.456328,0.0167112,0.0,0.0,2.4119875,0.0,0.0,0.2283868,0.0,2.4119875,0.0,0.0,0.0,0.0,1.2979055
86,12.8596919,3.5010357,17.3493037,41.2781754,0.0,0.0,3.295937,0.0,5.2013044,3.3882314,0.0779375,0.0,0.0,5.6115019,0.0,0.0,0.0697336,0.0,4.3645015,0.0,0.0,0.0,0.0,3.0026458
87,16.7957786,5.2767486,9.0602897,53.7442461,0.0,0.0,2.3576962,0.0,4.4796228,1.9535197,0.0,0.0,0.0,3.4691815,0.0,0.0,0.0561356,0.0,1.3921635,0.0,0.0,0.0,0.0,1.4146177
88,15.9007442,3.1482555,9.5631584,51.3119745,0.0,0.0,2.0730647,0.0,5.6828066,4.4336523,0.0241616,0.0,0.0,2.7060984,0.0,0.0,0.1014787,0.0,3.6049096,0.0,0.0,0.0,0.0,1.4496956
89,12.4014234,3.3011156,14.4066167,48.5934795,0.0,0.0,1.6301212,0.0,5.2942874,4.1330063,0.0144259,0.0,0.0,3.4694172,0.0,0.0,0.3293903,0.0,4.0416426,0.0,0.0,0.0,0.0,2.3850741
90,10.5131576,4.223047,16.8896106,47.3040542,0.0,0.0,1.7100956,0.0,6.4589294,3.5967422,0.2216552,0.0,0.0,3.5761231,0.0,0.0,0.3376376,0.0,3.358334,0.0,0.0,0.0,0.0,1.8106137
91,14.0730097,2.7057601,17.6348294,34.4625168,0.0,0.0,3.2988871,0.0,7.3712853,3.9898496,0.0305736,0.0,0.0,7.5302678,0.0,0.0,0.0580898,0.0,5.3748318,0.0,0.0,0.0,0.0,3.4700991
92,12.1241236,3.1004934,16.5982862,45.0116853,0.0,0.0,3.9807842,0.0,5.0610231,2.8615944,0.1843677,0.0,0.0,3.2718774,0.0,0.0,0.4855882,0.0,4.900026,0.0,0.0,0.0,0.0,2.4201506
93,13.3894817,2.1917022,13.5856822,44.7193377,0.0,0.0,1.9285065,0.0,5.9769345,4.0245011,0.0717806,0.0,0.0,3.5938173,0.0,0.0,0.0574245,0.0,7.2211322,0.0,0.0,0.0,0.0,3.2396995
94,13.6034144,3.9597588,15.0531807,41.0880022,0.0,0.0,2.8927579,0.0,10.026421,5.0606327,0.1388795,0.0,0.0,4.4272068,0.0,0.0,0.5351941,0.0,1.3007249,0.0,0.0,0.0,0.0,1.913827
95,14.8010789,5.5293324,18.7626433,33.5805799,0.0,0.0,2.8152394,0.0,6.1193527,1.0451787,0.0337154,0.0,0.0,8.7997303,0.0,0.0,0.0,0.0,4.8550236,0.0,0.0,0.0,0.0,3.6581254
96,11.5166526,3.9947119,17.4091713,47.5431247,0.0,0.0,1.6397751,0.0,5.7117373,3.4547569,0.1027348,0.0,0.0,4.0823153,0.0,0.0,0.2540497,0.0,1.5131485,0.0,0.0,0.0,0.0,2.777822
97,8.5814607,2.1084972,21.1692416,46.9803371,0.0,0.0,2.3788624,0.0,5.1860955,3.0916433,0.0052669,0.0,0.0,3.6323736,0.0,0.0,0.4195927,0.0,4.7770365,0.0,0.0,0.0,0.0,1.6695927
98,8.423971,1.8980593,19.3857965,44.1778631,0.0,0.0,2.0153551,0.0,8.7118789,1.3115803,0.0319898,0.0,0.0,6.2273406,0.0,0.0,0.0533163,0.0,5.3529537,0.0,0.0,0.0,0.0,2.4098955
99,12.0887699,3.5407606,12.769042,42.7233188,0.0,0.0,2.0631203,0.0,8.5145534,3.9812646,0.022304,0.0,0.0,5.0462808,0.0,0.0,0.02788,0.0,6.6131371,0.0,0.0,0.0,0.0,2.6095684
100,12.262586,2.4923281,9.1813884,53.1931658,0.0,0.0,1.5343784,0.0,4.6653396,5.2334743,0.0165879,0.0,0.0,4.5367836,0.0,0.0,0.389815,0.0,4.7275442,0.0,0.0,0.0,0.0,1.7666086
101,13.0469328,2.3699279,11.4386696,41.7299104,0.0,0.0,1.4219568,0.0,6.033042,2.948026,0.0465766,0.0,0.0,8.0248774,0.0,0.0,0.3232965,0.0,9.9098605,0.0,0.0,0.0,0.0,2.7069235
102,8.1669542,2.0376304,12.6448114,56.7167858,0.0,0.0,4.7572098,0.0,4.699696,4.4614247,0.0,0.0,0.0,2.3909293,0.0,0.0,0.0246488,0.0,2.6538493,0.0,0.0,0.0,0.0,1.4460603
111,12.2380222,2.6731624,10.2513405,43.2735958,0.0,0.0,8.5905,0.0,5.2387656,4.6250455,0.1929739,0.0,0.0,5.0537005,0.0,0.0,0.0695971,0.0,5.166005,0.0,0.0,0.0,0.0,2.6272916
112,10.8184908,4.6374703,15.2638698,36.1154366,0.0,0.0,4.1191648,0.0,8.6747974,4.5385831,0.096614,0.0,0.0,6.008252,0.0,0.0,0.1091169,0.0,7.03236,0.0,0.0,0.0,0.0,2.5858443
113,11.4128905,6.8392907,14.8235806,38.3491544,0.0,0.0,3.5091984,0.0,7.2704245,4.8499348,0.1087429,0.0,0.0,5.0482307,0.0,0.0,0.1164189,0.0,5.7377888,0.0,0.0,0.0,0.0,1.9343449
114,5.5505397,1.3071639,12.5142296,55.9136408,0.0,0.0,2.8263003,0.0,3.5603533,3.9803729,0.0353288,0.0,0.0,5.1265947,0.0,0.0,0.0431796,0.0,5.3503435,0.0,0.0,0.0,0.0,3.7919529
115,14.7598047,3.5332286,13.8363664,38.6855579,0.0,0.0,7.0850442,0.0,6.060222,4.7794056,0.0337946,0.0,0.0,4.0587351,0.0,0.0,0.1157466,0.0,5.1748027,0.0,0.0,0.0,0.0,1.8772917
116,13.0030268,1.9451198,13.9011562,43.1846375,0.0,0.0,4.4832035,0.0,6.7285268,4.785888,0.2679502,0.0,0.0,5.2696869,0.0,0.0,0.4788369,0.0,3.9944425,0.0,0.0,0.0,0.0,1.9575249
117,11.7258079,3.7616546,13.9308325,43.8993782,0.0,0.0,4.0568914,0.0,6.6737995,4.3231676,0.1359537,0.0,0.0,5.0471816,0.0,0.0,0.0772282,0.0,4.0938966,0.0,0.0,0.0,0.0,2.2742082
118,11.8832449,8.7355919,17.2748389,31.4353333,0.0,0.0,5.892098,0.0,6.3996143,4.4615857,0.0631108,0.0,0.0,5.6896174,0.0,0.0,0.1840733,0.0,5.368804,0.0,0.0,0.0,0.0,2.6120875
119,13.3326257,2.6007112,17.0054668,33.5491747,0.0,0.0,4.596359,0.0,8.5186561,5.3022663,0.5891407,0.0,0.0,7.0696884,0.0,0.0,0.3874529,0.0,3.1420838,0.0,0.0,0.0,0.0,3.9063744
120,11.0728551,4.5016786,18.1157645,38.3316588,0.0,0.0,2.8034406,0.0,6.3285711,3.6390815,0.1935942,0.0,0.0,8.8636753,0.0,0.0,0.2805891,0.0,3.1526454,0.0,0.0,0.0,0.0,2.7164457
121,12.5435203,3.5392639,17.2084315,33.8893167,0.0,0.0,5.5696716,0.0,7.4100889,4.2143756,0.1305032,0.0,0.0,7.2159481,0.0,0.0,0.1637054,0.0,4.9614255,0.0,0.0,0.0,0.0,3.1537493
131,15.3606283,7.6161511,20.8484918,33.3731144,0.0,0.0,3.2293251,0.0,6.1776161,3.7484039,0.1450084,0.0,0.0,5.2658595,0.0,0.0,0.2329118,0.0,1.0189088,0.0,0.0,0.0,0.0,2.9835807
132,13.8522332,6.6669084,15.5343677,33.6064385,0.0,0.0,3.0561195,0.0,11.5102958,5.1660383,0.0543794,0.0,0.0,4.1618329,0.0,0.0,0.2646462,0.0,3.349768,0.0,0.0,0.0,0.0,2.7769722
133,20.0217646,5.8057676,18.6440868,31.4857717,0.0,0.0,2.8596911,0.0,8.0596395,3.9204357,0.1256514,0.0,0.0,5.173584,0.0,0.0,0.0981652,0.0,1.0932793,0.0,0.0,0.0,0.0,2.7121629
134,6.6900407,5.3444518,10.1203449,54.373164,0.0,0.0,3.8567232,0.0,6.8227044,6.2825737,0.0,0.0,0.0,2.8806974,0.0,0.0,0.018952,0.0,1.74358,0.0,0.0,0.0,0.0,1.8667677
135,32.8596507,5.0175548,13.1527488,27.2054575,0.0,0.0,1.3477179,0.0,9.2784765,2.645438,0.1666593,0.0,0.0,5.2208791,0.0,0.0,0.0833296,0.0,0.9110706,0.0,0.0,0.0,0.0,2.1110173
136,19.766307,8.127114,17.5670798,33.2143478,0.0,0.0,2.1417399,0.0,6.4492841,4.1885587,0.1310178,0.0,0.0,4.2781321,0.0,0.0,0.2473295,0.0,1.5936042,0.0,0.0,0.0,0.0,2.2954852
137,21.9444319,6.1600253,18.943394,29.0115378,0.0,0.0,3.1905772,0.0,8.0494005,2.979978,0.1068039,0.0,0.0,5.4048769,0.0,0.0,0.1233509,0.0,1.4907412,0.0,0.0,0.0,0.0,2.5948824
138,15.8664288,6.8914429,18.859769,35.4396513,0.0,0.0,2.8459027,0.0,7.3891342,3.25657,0.0712015,0.0,0.0,5.5026539,0.0,0.0,0.1316149,0.0,1.593763,0.0,0.0,0.0,0.0,2.1518678
139,28.9332747,5.3360681,14.7368592,29.3093064,0.0,0.0,2.1259625,0.0,8.036659,3.2133613,0.0813921,0.0,0.0,4.9600365,0.0,0.0,0.0065114,0.0,0.6381143,0.0,0.0,0.0,0.0,2.6224545
140,16.2873786,7.3087379,10.2990291,46.5398058,0.0,0.0,1.8873786,0.0,5.961165,4.7339806,0.1359223,0.0,0.0,3.8330097,0.0,0.0,0.0427184,0.0,1.1145631,0.0,0.0,0.0,0.0,1.8563107
141,22.1537134,6.404638,19.0865999,25.6780004,0.0,0.0,2.8903467,0.0,9.8100284,3.6316097,0.1594057,0.0,0.0,5.8217286,0.0,0.0,0.0741789,0.0,0.9795824,0.0,0.0,0.0,0.0,3.3101678
142,14.3936218,9.4406532,18.9894536,30.9652756,0.0,0.0,4.1590517,0.0,6.8924901,3.2247112,0.1911437,0.0,0.0,6.8878791,0.0,0.0,0.201623,0.0,1.9780855,0.0,0.0,0.0,0.0,2.6760115
151,35.582178,4.2857965,12.9379279,28.6184778,0.0,0.0,0.9880343,0.0,7.4843238,1.7660933,0.0431456,0.0,0.0,5.3083472,0.0,0.0,0.1035494,0.0,0.4746016,0.0,0.0,0.0,0.0,2.4075246
152,32.1741874,3.6594392,8.9823701,38.5369523,0.0,0.0,0.9379133,0.0,6.8735819,2.2689494,0.0970674,0.0,0.0,3.8863341,0.0,0.0,0.184428,0.0,0.2827087,0.0,0.0,0.0,0.0,2.1160683
153,13.2728638,3.5997646,15.1691321,39.052576,0.0,0.0,4.1689495,0.0,7.6347883,4.7290031,0.0679775,0.0,0.0,5.2200645,0.0,0.0,0.4098943,0.0,3.858485,0.0,0.0,0.0,0.0,2.8165013
154,32.6419393,3.4032642,13.6119261,32.1772411,0.0,0.0,1.6722351,0.0,6.9648197,2.1233655,0.0893216,0.0,0.0,4.274432,0.0,0.0,0.0695351,0.0,0.5670223,0.0,0.0,0.0,0.0,2.404898
155,18.7436037,5.6004355,19.6537833,28.3926692,0.0,0.0,3.6051533,0.0,8.5066231,3.0847396,0.1320994,0.0,0.0,6.5461804,0.0,0.0,0.1037924,0.0,3.0716748,0.0,0.0,0.0,0.0,2.5592451
156,28.3682576,3.8712334,15.5230766,32.3975128,0.0,0.0,1.7067574,0.0,7.4766751,2.4393493,0.1241168,0.0,0.0,4.7588199,0.0,0.0,0.0799191,0.0,1.1939431,0.0,0.0,0.0,0.0,2.0603389
157,11.7612855,4.2657786,14.96987,45.4567079,0.0,0.0,1.3162068,0.0,5.7141347,4.55915,0.2775135,0.0,0.0,3.9909081,0.0,0.0,0.3858759,0.0,4.7626599,0.0,0.0,0.0,0.0,2.5399091
158,20.1081377,4.2349547,21.8070684,28.3316574,0.0,0.0,2.5391828,0.0,10.0261657,2.8977114,0.050015,0.0,0.0,5.4058323,0.0,0.0,0.1647863,0.0,2.224878,0.0,0.0,0.0,0.0,2.2096103
159,21.8963289,4.0641158,18.0416236,31.8937435,0.0,0.0,2.6693382,0.0,7.5659255,4.4648397,0.0866081,0.0,0.0,5.2662875,0.0,0.0,0.052999,0.0,1.9519131,0.0,0.0,0.0,0.0,2.0462771
160,36.7456804,4.4880765,11.867771,29.7643867,0.0,0.0,0.9024704,0.0,7.3511352,1.9563044,0.071398,0.0,0.0,3.9111809,0.0,0.0,0.0199914,0.0,0.8339283,0.0,0.0,0.0,0.0,2.0876767
161,34.1077503,3.7293285,15.6768383,25.3649227,0.0,0.0,1.7513738,0.0,8.7447424,2.4815385,0.10978,0.0,0.0,4.0535624,0.0,0.0,0.0363806,0.0,0.8571775,0.0,0.0,0.0,0.0,3.0866049
172,15.1778812,2.8724743,15.4446651,38.9974383,0.0,0.0,3.4621273,0.0,8.5613376,5.3447727,0.0697276,0.0,0.0,5.616104,0.0,0.0,0.0560852,0.0,2.2949478,0.0,0.0,0.0,0.0,2.102439
173,11.0284097,3.5433484,12.9426565,41.0651012,0.0,0.0,4.7573121,0.0,7.2062061,5.1997065,0.1006395,0.0,0.0,6.201908,0.0,0.0,0.2809519,0.0,5.2395429,0.0,0.0,0.0,0.0,2.4342174
174,13.2280355,3.6276829,19.2696207,35.6621779,0.0,0.0,3.9287998,0.0,7.3770543,4.6322338,0.1036836,0.0,0.0,6.6400939,0.0,0.0,0.2266138,0.0,2.7038437,0.0,0.0,0.0,0.0,2.6001602
175,12.2961104,2.7603513,16.8847464,43.1797813,0.0,0.0,2.1509231,0.0,5.8074924,7.832945,0.6273526,0.0,0.0,4.7858039,0.0,0.0,0.0179244,0.0,1.6131923,0.0,0.0,0.0,0.0,2.0433769
176,13.0051698,3.1551105,16.4608488,41.0456349,0.0,0.0,3.0709513,0.0,6.5146076,5.0581385,0.0120227,0.0,0.0,4.1203648,0.0,0.0,0.302286,0.0,5.1526029,0.0,0.0,0.0,0.0,2.102262
177,12.7446982,3.2218597,17.5706906,32.9602441,0.0,0.0,8.5765211,0.0,7.8945381,4.7436711,0.090629,0.0,0.0,6.9142348,0.0,0.0,0.0815661,0.0,3.0390913,0.0,0.0,0.0,0.0,2.1622561
178,15.3078114,2.5023582,13.0599605,42.8123943,0.0,0.0,4.4529873,0.0,7.9377792,4.7769057,0.0320359,0.0,0.0,3.7642159,0.0,0.0,0.1103458,0.0,2.8867888,0.0,0.0,0.0,0.0,2.356417
180,12.4492178,2.6663554,13.1356526,42.1293486,0.0,0.0,4.0298856,0.0,9.2084987,5.8720523,0.0840532,0.0,0.0,4.3520897,0.0,0.0,0.2148027,0.0,4.0438945,0.0,0.0,0.0,0.0,1.814149
181,5.7035009,1.4559482,13.2611581,54.5379127,0.0,0.0,3.2520325,0.0,5.5500249,6.068525,0.02074,0.0,0.0,5.998009,0.0,0.0,0.257176,0.0,1.7131243,0.0,0.0,0.0,0.0,2.1818483
182,6.6772875,2.3758399,12.1424119,50.3151624,0.0,0.0,5.2088384,0.0,7.9102307,5.4859043,0.0207799,0.0,0.0,3.5464432,0.0,0.0,0.0207799,0.0,4.0313084,0.0,0.0,0.0,0.0,2.2650135
191,11.9956003,4.8191386,16.6467515,36.7242457,0.0,0.0,1.9923506,0.0,12.3260755,6.0630453,0.2349824,0.0,0.0,4.453666,0.0,0.0,0.1384896,0.0,1.7043722,0.0,0.0,0.0,0.0,2.9012824
192,18.6899581,3.7775015,16.2080584,36.0722809,0.0,0.0,1.9694751,0.0,7.4797938,5.206474,0.151421,0.0,0.0,5.8532721,0.0,0.0,0.3088586,0.0,2.12591,0.0,0.0,0.0,0.0,2.1569965
193,18.7780168,4.3913519,20.7609754,30.1061183,0.0,0.0,1.9625281,0.0,9.8246584,4.1774327,0.237955,0.0,0.0,5.3395666,0.0,0.0,0.2307443,0.0,1.6704924,0.0,0.0,0.0,0.0,2.5201601
194,16.4249403,5.8517809,22.5414562,26.0902048,0.0,0.0,3.0777476,0.0,10.4042488,4.5800783,0.2549902,0.0,0.0,5.9459811,0.0,0.0,0.0828312,0.0,2.6343571,0.0,0.0,0.0,0.0,2.1113836
195,24.0196403,3.6379117,14.6896905,35.6806309,0.0,0.0,1.9888242,0.0,8.2925539,3.6866817,0.0495966,0.0,0.0,3.4196865,0.0,0.0,0.2273178,0.0,1.8201957,0.0,0.0,0.0,0.0,2.4872702
196,13.6229953,2.3918938,20.987087,33.077524,0.0,0.0,2.7135701,0.0,7.0493084,9.1241211,0.1010983,0.0,0.0,4.6643077,0.0,0.0,0.0160838,0.0,4.0301457,0.0,0.0,0.0,0.0,2.2218648
197,16.0404862,4.6973803,16.0302209,29.9765952,0.0,0.0,2.9420218,0.0,12.0698859,6.9557362,0.1888807,0.0,0.0,5.9908023,0.0,0.0,0.322329,0.0,1.4740905,0.0,0.0,0.0,0.0,3.311571
198,13.1099403,3.447035,23.5622933,27.719117,0.0,0.0,3.9942096,0.0,9.517047,4.4938635,0.2296375,0.0,0.0,8.0334677,0.0,0.0,0.085702,0.0,2.3914166,0.0,0.0,0.0,0.0,3.4162702
199,12.5077226,4.339297,13.5758278,45.6024254,0.0,0.0,1.5043915,0.0,7.3563599,7.7302286,0.0999955,0.0,0.0,3.2520843,0.0,0.0,0.2299261,0.0,1.7941875,0.0,0.0,0.0,0.0,2.0075538
200,15.8417925,2.5191445,16.5428141,41.1562809,0.0,0.0,1.9055483,0.0,8.1823628,5.687503,0.0744734,0.0,0.0,4.2773649,0.0,0.0,0.3658912,0.0,1.3712824,0.0,0.0,0.0,0.0,2.075542
211,5.372202,2.9359708,11.9104633,52.8474753,0.0,0.0,1.6762103,0.0,2.8943259,13.4200937,0.1561687,0.0,0.0,4.4560125,0.0,0.0,0.0208225,0.0,2.2904737,0.0,0.0,0.0,0.0,2.0197814
213,20.5734967,2.7220985,13.0227666,37.6299183,0.0,0.0,3.4026231,0.0,9.3850532,4.1048008,0.0092799,0.0,0.0,3.9192032,0.0,0.0,0.1237317,0.0,2.8396437,0.0,0.0,0.0,0.0,2.2673843
214,11.4659831,0.879867,12.8931689,41.9634197,0.0,0.0,5.847305,0.0,6.5608979,6.9142303,0.0138562,0.0,0.0,4.4131911,0.0,0.0,0.5196065,0.0,4.0667868,0.0,0.0,0.0,0.0,4.4616877
215,12.3893805,2.8457401,18.384522,40.0485858,0.0,0.0,4.2859622,0.0,8.5458962,4.4074267,0.1474926,0.0,0.0,3.7914281,0.0,0.0,0.0,0.0,1.42287,0.0,0.0,0.0,0.0,3.7306958
216,10.8650671,2.1659696,13.8190623,46.27779,0.0,0.0,3.3105877,0.0,8.5318072,4.8602245,0.1716927,0.0,0.0,4.411182,0.0,0.0,0.0220119,0.0,3.6231565,0.0,0.0,0.0,0.0,1.9414484
217,11.3412666,3.112142,17.3739411,37.7652279,0.0,0.0,4.4171037,0.0,11.6155708,4.8164582,0.0947963,0.0,0.0,4.4251714,0.0,0.0,0.0322711,0.0,2.9528035,0.0,0.0,0.0,0.0,2.0532473
218,7.1977523,2.2560119,7.0985869,40.8726552,0.0,0.0,4.1980002,0.0,5.4458309,21.6180481,0.074374,0.0,0.0,3.264193,0.0,0.0,0.6032559,0.0,5.1731262,0.0,0.0,0.0,0.0,2.1981654
219,11.6801072,2.5868051,16.99251,38.2086195,0.0,0.0,4.6950154,0.0,10.0098112,4.3193185,0.181866,0.0,0.0,5.2549714,0.0,0.0,0.1794731,0.0,3.0845438,0.0,0.0,0.0,0.0,2.8069588
220,4.4800235,0.8372503,10.8989424,61.2955347,0.0,0.0,2.1371915,0.0,6.6098707,4.2817274,0.2350176,0.0,0.0,2.0857814,0.0,0.0,0.6903643,0.0,2.6880141,0.0,0.0,0.0,0.0,3.760282
221,19.5196189,3.8046715,12.3734533,34.1405854,0.0,0.0,3.6216061,0.0,12.5168178,4.9295309,0.0816074,0.0,0.0,4.6163347,0.0,0.0,0.1786541,0.0,1.6012704,0.0,0.0,0.0,0.0,2.6158495
222,3.9650146,0.6559767,7.303207,61.5889213,0.0,0.0,8.2653061,0.0,4.9562682,4.3877551,0.0,0.0,0.0,1.2244898,0.0,0.0,0.5247813,0.0,4.6938776,0.0,0.0,0.0,0.0,2.4344023
223,14.0916782,2.6062126,15.3124433,38.2667553,0.0,0.0,4.4570013,0.0,9.7011543,4.9752221,0.0120868,0.0,0.0,4.260591,0.0,0.0,0.1133136,0.0,3.3948752,0.0,0.0,0.0,0.0,2.8086662
224,9.5843936,3.5982254,17.0255105,42.5556208,0.0,0.0,2.8903243,0.0,7.7086188,6.9419978,0.2511907,0.0,0.0,4.5866771,0.0,0.0,0.0130489,0.0,2.2019965,0.0,0.0,0.0,0.0,2.6423958
225,12.1681071,3.6629122,11.8498643,39.9113912,0.0,0.0,4.8547627,0.0,8.6830364,8.7797573,0.0343203,0.0,0.0,5.6098094,0.0,0.0,0.118561,0.0,1.2355309,0.0,0.0,0.0,0.0,3.0919472
226,8.1451613,0.6048387,13.2358871,46.8850806,0.0,0.0,5.6149194,0.0,5.6350806,4.5564516,0.3528226,0.0,0.0,9.4455645,0.0,0.0,0.0604839,0.0,3.2560484,0.0,0.0,0.0,0.0,2.2076613
227,18.461767,3.7076339,13.2038031,40.3786158,0.0,0.0,5.8044526,0.0,6.4018761,3.827543,0.096564,0.0,0.0,3.2237526,0.0,0.0,0.1315817,0.0,2.3334536,0.0,0.0,0.0,0.0,2.4289565
228,8.0786868,1.7207389,15.2402177,46.1299447,0.0,0.0,7.1958171,0.0,4.5643509,5.1257875,0.038572,0.0,0.0,5.8522265,0.0,0.0,0.5057215,0.0,2.8907556,0.0,0.0,0.0,0.0,2.6571808
230,12.0526654,4.0328369,26.0617383,23.430444,0.0,0.0,5.0118133,0.0,8.779881,3.4941981,0.3252094,0.0,0.0,8.817141,0.0,0.0,0.1530751,0.0,1.8593083,0.0,0.0,0.0,0.0,5.9816894
231,8.9392379,3.4116656,16.1576631,39.8370939,0.0,0.0,7.6079019,0.0,5.8458946,5.390881,0.0711544,0.0,0.0,5.2953843,0.0,0.0,0.2265705,0.0,3.5820616,0.0,0.0,0.0,0.0,3.6344912
241,19.8941358,6.1080052,12.5490663,39.1281075,0.0,0.0,1.5106459,0.0,8.0766028,5.7868443,0.0297371,0.0,0.0,3.122398,0.0,0.0,0.2914238,0.0,1.6058047,0.0,0.0,0.0,0.0,1.8972285
242,15.9674731,6.8070801,17.4501465,37.0970059,0.0,0.0,1.3864146,0.0,8.6043906,3.2957876,0.1810241,0.0,0.0,4.8589162,0.0,0.0,0.3088903,0.0,1.2585484,0.0,0.0,0.0,0.0,2.7843227
243,10.7548183,10.5855886,20.2175811,34.8646834,0.0,0.0,3.4658519,0.0,5.782016,3.2039487,0.1692297,0.0,0.0,5.6671815,0.0,0.0,0.3183131,0.0,0.965684,0.0,0.0,0.0,0.0,4.0051038
244,18.2965003,5.940361,12.0784203,45.2540658,0.0,0.0,1.4333122,0.0,6.1357057,4.1163595,0.0964956,0.0,0.0,2.7442397,0.0,0.0,0.209466,0.0,0.7978536,0.0,0.0,0.0,0.0,2.8972205
245,18.4090109,5.4695139,22.8734014,35.3338027,0.0,0.0,2.3211702,0.0,5.148813,3.3790919,0.0371544,0.0,0.0,2.8198209,0.0,0.0,0.0136885,0.0,1.1908952,0.0,0.0,0.0,0.0,3.0036372
246,23.7454505,4.8049704,11.6135436,46.119628,0.0,0.0,0.8676152,0.0,5.194662,3.0917981,0.0,0.0,0.0,2.2535936,0.0,0.0,0.0183817,0.0,0.2389618,0.0,0.0,0.0,0.0,2.0513952
247,13.2265079,6.7994113,23.5250187,32.3540394,0.0,0.0,2.9444713,0.0,7.3913807,3.0784607,0.2635856,0.0,0.0,5.0883012,0.0,0.0,0.1910996,0.0,1.2102974,0.0,0.0,0.0,0.0,3.9274261
248,32.551305,4.2563495,10.4346519,32.9837861,0.0,0.0,0.6629152,0.0,8.6312555,2.9004625,0.0150283,0.0,0.0,3.5884249,0.0,0.0,0.0283868,0.0,1.2924341,0.0,0.0,0.0,0.0,2.6550003
249,23.6505964,4.2022585,11.8081083,41.9776267,0.0,0.0,2.2717055,0.0,6.5189221,2.7662444,0.1269405,0.0,0.0,2.1738556,0.0,0.0,0.1904107,0.0,0.9784995,0.0,0.0,0.0,0.0,3.3348319
250,13.3706387,6.9230603,20.6829258,37.0983741,0.0,0.0,3.2205546,0.0,6.9230603,4.0852633,0.0075473,0.0,0.0,4.4658645,0.0,0.0,0.3784448,0.0,0.8366757,0.0,0.0,0.0,0.0,2.0075905
251,14.5439302,4.8011245,15.68318,46.7758242,0.0,0.0,2.002318,0.0,6.3620447,3.4596701,0.0764432,0.0,0.0,2.9886815,0.0,0.0,0.0937045,0.0,0.7742954,0.0,0.0,0.0,0.0,2.4387838
261,14.2323535,3.7819372,31.3125044,18.0757744,0.0,0.0,1.8910189,0.0,9.1736312,2.0458964,0.5078245,0.0,0.0,10.6890644,0.0,0.0,0.192416,0.0,0.676421,0.0,0.0,0.0,0.0,7.4211579
297,8.0776636,2.726144,13.0513019,45.5526965,0.0,0.0,8.2144207,0.0,4.5183812,3.1256186,0.566822,0.0,0.0,5.1733756,0.0,0.0,0.1259604,0.0,6.474367,0.0,0.0,0.0,0.0,2.3932485
298,14.6897328,4.5282239,12.4956923,41.6580513,0.0,0.0,4.9704781,0.0,8.0800423,5.9468835,0.0103384,0.0,0.0,4.0009649,0.0,0.0,0.2251476,0.0,1.8689549,0.0,0.0,0.0,0.0,1.5254899
301,10.3048266,1.0782635,16.838286,36.3594552,0.0,0.0,4.3411605,0.0,5.961111,15.8979993,0.1533076,0.0,0.0,5.0693717,0.0,0.0,0.4318164,0.0,2.2868385,0.0,0.0,0.0,0.0,1.2775634
302,4.7201618,1.4610025,17.6219375,38.9750506,0.0,0.0,2.8882895,0.0,4.1919532,15.6776804,0.0449539,0.0,0.0,5.6866712,0.0,0.0,1.1912789,0.0,5.2708474,0.0,0.0,0.0,0.0,2.2701731
303,9.3464768,2.0910087,16.223572,34.7704869,0.0,0.0,3.5812672,0.0,5.3801985,17.9162933,0.0929337,0.0,0.0,7.5641409,0.0,0.0,1.3409008,0.0,0.8164891,0.0,0.0,0.0,0.0,0.8762322
304,5.4507092,1.1253077,12.4076896,47.4328918,0.0,0.0,2.5202204,0.0,4.3722893,15.6253663,0.1230805,0.0,0.0,3.8154964,0.0,0.0,1.2132224,0.0,4.8939163,0.0,0.0,0.0,0.0,1.0198101
305,6.4840183,1.5608136,12.4449979,48.1278539,0.0,0.0,2.3827314,0.0,4.3503528,17.8746368,0.0498132,0.0,0.0,3.0967206,0.0,0.0,0.373599,0.0,0.6475716,0.0,0.0,0.0,0.0,2.6068908
306,12.4611725,1.9327457,20.2807705,30.1991512,0.0,0.0,6.629355,0.0,5.6695117,13.8510331,0.2061471,0.0,0.0,4.8813022,0.0,0.0,0.6249709,0.0,1.7620447,0.0,0.0,0.0,0.0,1.5017956
307,12.1150969,1.5274347,19.2790787,28.9655892,0.0,0.0,4.7179987,0.0,7.3866602,13.099753,0.4905884,0.0,0.0,8.875822,0.0,0.0,0.5392993,0.0,1.1551442,0.0,0.0,0.0,0.0,1.8475349
309,4.5885209,0.9631196,17.0542636,40.4510218,0.0,0.0,3.1242659,0.0,7.5326913,14.3293399,0.031321,0.0,0.0,6.1623992,0.0,0.0,1.0492522,0.0,3.3826638,0.0,0.0,0.0,0.0,1.3311409
310,6.0616787,1.5441795,14.1409672,44.9581877,0.0,0.0,2.4202469,0.0,5.3670192,15.2869342,0.3451175,0.0,0.0,6.5351091,0.0,0.0,0.7079333,0.0,1.199062,0.0,0.0,0.0,0.0,1.4335649
311,5.5851642,1.2644116,17.9682402,34.9167936,0.0,0.0,3.1732652,0.0,5.2072003,19.0015227,0.7831194,0.0,0.0,7.760496,0.0,0.0,0.8864477,0.0,1.6260605,0.0,0.0,0.0,0.0,1.8272787
312,4.6729858,0.9636651,12.2306477,44.8909953,0.0,0.0,4.8404423,0.0,3.6966825,16.7045814,0.300158,0.0,0.0,6.7962085,0.0,0.0,0.6635071,0.0,2.7298578,0.0,0.0,0.0,0.0,1.5102686
321,12.3072361,1.4442467,17.6067616,38.1316726,0.0,0.0,2.470344,0.0,4.1814947,13.7396204,0.1245552,0.0,0.0,4.7657177,0.0,0.0,0.3706999,0.0,2.7283511,0.0,0.0,0.0,0.0,2.1293001
322,3.4526316,0.5473684,6.5473684,58.4421053,0.0,0.0,3.6210526,0.0,2.9263158,12.4631579,0.0842105,0.0,0.0,6.1684211,0.0,0.0,0.2947368,0.0,3.8526316,0.0,0.0,0.0,0.0,1.6
323,6.299081,0.8187135,16.374269,50.5096074,0.0,0.0,1.8880535,0.0,3.4586466,11.3116124,0.1670844,0.0,0.0,4.8120301,0.0,0.0,0.8187135,0.0,1.6207185,0.0,0.0,0.0,0.0,1.9214703
324,4.100394,0.583686,15.3071647,51.5686561,0.0,0.0,3.3853787,0.0,3.7939589,12.6659857,0.393988,0.0,0.0,5.2969502,0.0,0.0,0.9193054,0.0,1.2841091,0.0,0.0,0.0,0.0,0.7004232
325,5.8106842,0.5623243,6.9353327,53.0927835,0.0,0.0,4.1705717,0.0,2.7179007,17.9475164,0.0,0.0,0.0,3.3739456,0.0,0.0,0.2343018,0.0,4.2642924,0.0,0.0,0.0,0.0,0.8903468
326,5.2766686,0.4706218,6.317741,55.6617228,0.0,0.0,3.2230462,0.0,3.2800913,16.6143754,0.0570451,0.0,0.0,3.0804335,0.0,0.0,0.427838,0.0,4.4209926,0.0,0.0,0.0,0.0,1.1694238
329,16.8972757,2.0601077,22.0585264,26.7427457,0.0,0.0,4.8502578,0.0,6.2629031,9.805937,0.2978151,0.0,0.0,7.2081807,0.0,0.0,0.2960581,0.0,1.9423873,0.0,0.0,0.0,0.0,1.5778053
331,9.5180296,1.6942295,16.2544884,37.8243059,0.0,0.0,9.0679209,0.0,5.340616,11.1414555,0.1314924,0.0,0.0,4.7489,0.0,0.0,0.5310272,0.0,3.0243261,0.0,0.0,0.0,0.0,0.7232084
332,7.4779966,1.1714051,9.6720066,43.5952637,0.0,0.0,4.5273222,0.0,3.7231685,13.2210473,0.1108086,0.0,0.0,8.858355,0.0,0.0,1.0859241,0.0,5.3536377,0.0,0.0,0.0,0.0,1.2030646
333,8.5833062,0.4727747,15.0472775,44.2696446,0.0,0.0,5.0864037,0.0,4.2549723,13.221389,0.0326052,0.0,0.0,6.8470818,0.0,0.0,0.0896642,0.0,0.9455494,0.0,0.0,0.0,0.0,1.1493316
334,3.8068966,0.0551724,6.4,51.1172414,0.0,0.0,3.6689655,0.0,6.2344828,18.0965517,0.0551724,0.0,0.0,4.5241379,0.0,0.0,0.0275862,0.0,5.4896552,0.0,0.0,0.0,0.0,0.5241379
335,5.4358974,1.8461538,5.1282051,49.0769231,0.0,0.0,13.6923077,0.0,1.0769231,11.8461538,0.1538462,0.0,0.0,1.1794872,0.0,0.0,0.2051282,0.0,8.8205128,0.0,0.0,0.0,0.0,1.5384615
336,1.3333333,0.1269841,6.7301587,67.7460317,0.0,0.0,2.984127,0.0,0.3174603,10.6666667,0.0,0.0,0.0,1.7142857,0.0,0.0,0.1269841,0.0,4.2539683,0.0,0.0,0.0,0.0,4.0
337,8.3001029,0.7267816,19.510548,38.7445331,0.0,0.0,3.0839979,0.0,4.5021868,14.8250579,0.2411886,0.0,0.0,4.328531,0.0,0.0,0.3569591,0.0,3.1225881,0.0,0.0,0.0,0.0,2.2575251
338,5.7367527,0.4467876,10.6156733,47.2165133,0.0,0.0,8.6766151,0.0,1.9122509,12.8317398,0.3038156,0.0,0.0,3.6994013,0.0,0.0,0.4646591,0.0,6.5677777,0.0,0.0,0.0,0.0,1.5280136
339,0.8642496,0.0632378,3.5202361,44.2453626,0.0,0.0,17.4957841,0.0,1.7495784,14.4182125,0.0,0.0,0.0,0.7166948,0.0,0.0,0.5059022,0.0,15.5143339,0.0,0.0,0.0,0.0,0.9064081
340,8.7044127,0.3425348,7.0320371,49.9697763,0.0,0.0,6.3872658,0.0,6.7902478,14.0237759,0.0,0.0,0.0,4.0701189,0.0,0.0,1.168648,0.0,0.9268588,0.0,0.0,0.0,0.0,0.584324
341,5.2375691,0.7292818,13.7679558,58.0552486,0.0,0.0,1.1712707,0.0,3.0718232,9.3259669,0.0,0.0,0.0,3.5359116,0.0,0.0,1.3922652,0.0,2.2099448,0.0,0.0,0.0,0.0,1.5027624
342,13.2311289,0.5125208,14.1842377,40.7094367,0.0,0.0,6.7751652,0.0,4.0507126,10.9742391,0.1708403,0.0,0.0,4.0507126,0.0,0.0,0.6473947,0.0,3.070629,0.0,0.0,0.0,0.0,1.6229825
344,3.9134662,1.1789013,5.6392805,49.5260088,0.0,0.0,5.140982,0.0,3.3179387,16.7355372,0.0607681,0.0,0.0,6.6237239,0.0,0.0,0.1823043,0.0,6.2834225,0.0,0.0,0.0,0.0,1.3976665
345,11.10641,1.6183626,20.4040618,40.4907975,0.0,0.0,3.8184895,0.0,3.5752063,11.1804527,0.2961709,0.0,0.0,3.3001904,0.0,0.0,0.2115507,0.0,2.2635921,0.0,0.0,0.0,0.0,1.7347155
351,9.9150084,2.571618,34.3308549,12.3901928,0.0,0.0,2.7405034,0.0,9.3842861,7.0325569,1.3965134,0.0,0.0,17.3869207,0.0,0.0,0.2404084,0.0,0.7961258,0.0,0.0,0.0,0.0,1.8150114
352,16.4703856,2.6348908,21.0473327,24.2823268,0.0,0.0,3.6642071,0.0,6.2249129,14.2501358,0.1324731,0.0,0.0,8.2106853,0.0,0.0,0.5219442,0.0,1.3459271,0.0,0.0,0.0,0.0,1.2147787
353,15.7794639,2.9023119,24.9697882,19.5554411,0.0,0.0,1.8701587,0.0,9.8104087,10.9911445,0.3130138,0.0,0.0,11.3338748,0.0,0.0,0.277354,0.0,0.7171583,0.0,0.0,0.0,0.0,1.4798819
354,14.6418621,1.346645,18.0607151,29.7567913,0.0,0.0,2.4553053,0.0,7.792547,12.3055491,0.8068261,0.0,0.0,9.6499884,0.0,0.0,0.2699094,0.0,0.8793824,0.0,0.0,0.0,0.0,2.0344788
355,11.0576429,2.9532466,25.5346068,21.8665686,0.0,0.0,4.3760712,0.0,7.9167771,10.4677506,0.5009489,0.0,0.0,11.7540511,0.0,0.0,0.3538813,0.0,1.3541571,0.0,0.0,0.0,0.0,1.8642977
356,23.9331908,2.6217392,18.8708481,21.9814354,0.0,0.0,2.3503994,0.0,7.2839829,11.4202785,0.2662477,0.0,0.0,8.1998458,0.0,0.0,0.2727947,0.0,1.2985029,0.0,0.0,0.0,0.0,1.5007347
357,2.3623708,0.2742038,10.2931871,58.6479646,0.0,0.0,2.9107783,0.0,4.1446952,10.0400759,0.1581945,0.0,0.0,6.5492512,0.0,0.0,0.5905927,0.0,2.2885467,0.0,0.0,0.0,0.0,1.7401392
358,15.8080726,2.6390015,16.7223213,25.2747609,0.0,0.0,3.6699627,0.0,5.7902415,21.0536554,0.188037,0.0,0.0,5.9815205,0.0,0.0,0.3436538,0.0,0.8396823,0.0,0.0,0.0,0.0,1.6890906
359,11.9951852,2.0934006,16.0319592,33.4978979,0.0,0.0,4.2618146,0.0,6.3063692,13.7257296,0.188406,0.0,0.0,8.5620083,0.0,0.0,0.3646006,0.0,1.4932924,0.0,0.0,0.0,0.0,1.4793364
360,12.2187494,2.1344955,24.1938615,26.0478344,0.0,0.0,2.1063462,0.0,7.3460038,12.4808293,0.4775679,0.0,0.0,10.2026752,0.0,0.0,0.3795306,0.0,0.9570771,0.0,0.0,0.0,0.0,1.455029
361,12.9467787,3.3602241,21.1383754,26.5355742,0.0,0.0,4.0492997,0.0,5.6694678,12.3876751,0.4044818,0.0,0.0,9.3602241,0.0,0.0,0.4414566,0.0,1.859944,0.0,0.0,0.0,0.0,1.8464986
362,16.3884571,2.9814602,19.8260909,25.292289,0.0,0.0,4.9559595,0.0,6.1848122,12.3042959,0.5631772,0.0,0.0,8.0286545,0.0,0.0,0.3198847,0.0,1.5588745,0.0,0.0,0.0,0.0,1.5960442
363,10.3385385,3.1625756,23.4438605,25.6136656,0.0,0.0,5.6003159,0.0,6.6758172,12.5431282,0.3619476,0.0,0.0,8.0803618,0.0,0.0,0.4023729,0.0,1.5841082,0.0,0.0,0.0,0.0,2.1933082
371,9.4219395,2.0396961,32.0081349,22.0524332,0.0,0.0,3.3443698,0.0,5.6834935,6.9987228,0.9563385,0.0,0.0,13.9327045,0.0,0.0,0.3902058,0.0,1.4007297,0.0,0.0,0.0,0.0,1.7712317
372,19.1962195,1.924305,23.0916599,19.7368981,0.0,0.0,2.7289369,0.0,7.1735706,8.1868108,0.3235557,0.0,0.0,12.925199,0.0,0.0,0.0723743,0.0,2.716165,0.0,0.0,0.0,0.0,1.924305
381,7.814915,1.4586553,9.9207883,45.9621329,0.0,0.0,2.6661515,0.0,3.9992272,21.1360124,0.0772798,0.0,0.0,3.429289,0.0,0.0,1.265456,0.0,1.1591963,0.0,0.0,0.0,0.0,1.1108964
382,8.1600196,1.7005138,15.928554,43.7362368,0.0,0.0,1.7494495,0.0,5.3339858,12.3807194,0.2079765,0.0,0.0,4.2574015,0.0,0.0,0.4526548,0.0,3.5478346,0.0,0.0,0.0,0.0,2.5446538
383,10.1155568,1.676094,16.5561995,36.1140993,0.0,0.0,4.4765243,0.0,6.3226568,15.449214,0.3504876,0.0,0.0,4.5875698,0.0,0.0,1.0167609,0.0,1.6344519,0.0,0.0,0.0,0.0,1.7003852
385,7.4458252,0.8626887,15.0148917,45.7225018,0.0,0.0,7.1993427,0.0,3.6869672,11.5949471,0.2772928,0.0,0.0,4.8885694,0.0,0.0,0.7805279,0.0,1.2734929,0.0,0.0,0.0,0.0,1.2529527
386,4.5185365,0.8761256,18.1147076,38.2818204,0.0,0.0,4.9322625,0.0,4.8105784,16.3462318,1.0708202,0.0,0.0,6.3113491,0.0,0.0,1.2817393,0.0,1.598118,0.0,0.0,0.0,0.0,1.8577107
387,11.4968091,1.3182492,21.5593373,38.0487333,0.0,0.0,2.8588925,0.0,4.5058983,12.3767163,0.3609876,0.0,0.0,4.841101,0.0,0.0,0.6317282,0.0,0.531812,0.0,0.0,0.0,0.0,1.4697351
388,12.2992595,1.0193288,12.5204347,37.5901529,0.0,0.0,0.8847005,0.0,2.9425906,21.5020675,0.0480815,0.0,0.0,4.2215598,0.0,0.0,2.2309837,0.0,1.5386095,0.0,0.0,0.0,0.0,3.202231
389,0.0,0.0,0.0,0.0,0.0,0.0,0.0,0.0,0.0,0.0,0.0,0.0,0.0,0.0,0.0,0.0,0.0,0.0,0.0,0.0,0.0,0.0,0.0,0.0
390,6.3926525,1.8823315,17.3047195,41.3931072,0.0,0.0,2.5279622,0.0,3.9374375,15.331454,0.0818405,0.0,0.0,4.9195235,0.0,0.0,0.7820315,0.0,3.9647177,0.0,0.0,0.0,0.0,1.4822224
391,4.6292446,0.8316008,14.2619543,47.3319473,0.0,0.0,1.025641,0.0,4.1718642,17.4636175,0.04158,0.0,0.0,4.8094248,0.0,0.0,1.1503812,0.0,1.6216216,0.0,0.0,0.0,0.0,2.6611227
392,10.8423847,1.2454743,15.4525706,41.5447743,0.0,0.0,4.6198407,0.0,4.1708907,11.189959,0.482742,0.0,0.0,5.083273,0.0,0.0,0.7627323,0.0,2.8771422,0.0,0.0,0.0,0.0,1.7282163
393,4.4206831,1.7555059,13.0864986,34.1525694,0.0,0.0,1.6278327,0.0,3.1279923,35.7963613,1.1969358,0.0,0.0,2.5534631,0.0,0.0,0.4149378,0.0,0.877753,0.0,0.0,0.0,0.0,0.989467
394,4.2145594,1.0971787,14.8902821,46.8826193,0.0,0.0,1.6022292,0.0,3.7269244,18.2514803,0.9056078,0.0,0.0,4.2493905,0.0,0.0,0.9404389,0.0,1.6022292,0.0,0.0,0.0,0.0,1.6370603
