commune_id,FDP/PLR (PRD),CVP/PDC,SP/PS,SVP/UDC,GLP/PVL,GPS/PES,Other/Autres
1,18.69,2.08,18.65,30.93,8.44,7.08,14.16
2,14.23,4.59,19.08,33.79,7.36,6.21,14.75
3,16.47,3.38,20.4,29.1,11.86,6.66,12.12
4,12.79,2.88,19.39,34.94,8.75,8.02,13.22
5,15.81,3.92,22.48,30.11,9.63,6.47,11.59
6,10.95,2.74,10.29,48.62,5.62,4.38,17.39
7,11.46,3.13,18.44,32.88,10.42,5.8,17.88
8,4.89,3.5,22.73,43.38,4.86,5.17,15.45
9,13.18,3.65,18.8,35.67,9.62,5.06,14.01
10,14.41,6.49,16.92,36.17,7.39,3.71,14.92
11,16.84,4.13,18.61,34.89,8.22,4.82,12.51
12,9.32,1.72,21.13,30.52,9.02,10.77,17.52
13,18.81,3.46,17.62,40.46,6.64,3.99,9.03
14,24.85,4.5,14.39,32.09,9.23,4.61,10.33
21,7.39,0.86,8.32,56.82,3.92,3.83,18.87
22,10.86,1.59,11.94,43.81,3.84,9.44,18.52
23,10.59,2.88,7.67,50.15,7.91,4.22,16.58
24,12.91,2.0,7.54,51.42,9.52,2.28,14.33
25,12.09,5.17,19.79,32.06,8.85,6.94,15.1
26,10.47,1.97,10.52,49.15,3.22,2.62,22.04
27,10.62,3.7,23.27,36.59,6.12,5.71,13.98
28,11.0,1.22,11.06,50.95,3.79,3.23,18.75
29,16.93,4.22,21.96,28.05,9.03,6.46,13.34
30,16.43,2.33,11.77,34.09,10.4,6.72,18.27
31,13.5,2.21,15.41,37.78,8.55,4.95,17.62
32,15.03,1.77,9.36,50.01,7.54,2.77,13.52
33,12.59,1.59,14.19,42.63,8.66,5.39,14.97
34,16.71,3.89,11.15,39.72,7.14,4.41,16.99
35,7.8,2.06,11.17,47.76,7.06,8.02,16.12
36,27.43,1.5,9.33,36.37,5.73,6.03,13.62
37,12.29,2.75,12.65,44.07,7.78,5.24,15.2
38,7.42,7.46,20.66,30.48,6.71,9.54,17.75
39,9.52,0.31,10.74,53.99,3.88,3.55,18.01
40,7.73,0.57,14.18,50.03,4.59,5.5,17.39
41,9.0,1.2,12.59,40.26,4.14,6.08,26.71
42,20.39,1.45,12.43,37.28,8.05,7.49,12.92
43,14.07,0.43,7.62,56.45,4.86,2.93,13.63
44,14.78,0.5,13.41,43.76,6.64,5.81,15.1
51,15.81,3.34,16.58,35.42,7.18,3.69,17.96
52,13.7,4.77,17.87,37.11,6.89,4.65,15.02
53,13.17,3.18,19.69,35.5,6.7,5.63,16.15
54,15.93,3.12,20.83,32.0,10.29,4.49,13.35
55,14.01,3.17,19.66,31.87,9.99,5.44,15.87
56,11.8,5.14,16.35,40.92,5.99,3.71,16.09
57,9.1,3.11,15.98,37.63,6.86,5.81,21.52
58,7.74,2.0,16.53,45.12,9.66,5.01,13.92
59,7.98,2.03,17.31,49.15,3.98,3.4,16.15
60,7.84,1.63,10.42,57.56,5.92,2.67,13.97
61,12.48,1.84,16.31,46.07,6.39,3.31,13.59
62,10.45,5.11,17.77,43.53,5.73,4.54,12.88
63,16.87,3.13,11.43,44.64,7.39,3.5,13.06
64,17.38,2.68,11.46,46.22,5.88,3.41,12.97
65,8.27,2.94,10.12,52.31,4.17,3.31,18.88
66,13.08,5.83,18.16,39.88,8.12,2.84,12.1
67,10.92,2.25,19.18,37.59,6.82,5.01,18.24
68,10.88,2.82,20.16,39.48,5.74,5.0,15.92
69,18.8,4.21,19.66,35.1,7.38,4.01,10.83
70,8.42,1.34,18.21,52.52,5.45,3.53,10.52
71,12.78,2.82,12.49,44.08,7.64,4.7,15.49
72,20.35,3.09,12.0,44.9,6.53,2.11,11.02
81,5.47,0.6,12.34,54.29,5.09,5.48,16.74
82,16.73,2.98,14.0,40.21,7.89,4.59,13.61
83,13.56,3.44,13.07,47.41,6.36,4.21,11.94
84,12.33,3.08,13.97,48.25,8.78,4.07,9.52
85,10.91,3.8,16.69,47.07,9.63,2.41,9.5
86,12.86,3.5,17.35,41.28,5.2,5.61,14.2
87,16.8,5.28,9.06,53.74,4.48,3.47,7.17
88,15.9,3.15,9.56,51.31,5.68,2.71,11.67
89,12.4,3.3,14.41,48.59,5.29,3.47,12.53
90,10.51,4.22,16.89,47.3,6.46,3.58,11.04
91,14.07,2.71,17.63,34.46,7.37,7.53,16.22
92,12.12,3.1,16.6,45.01,5.06,3.27,14.83
93,13.39,2.19,13.59,44.72,5.98,3.59,16.54
94,13.6,3.96,15.05,41.09,10.03,4.43,11.84
95,14.8,5.53,18.76,33.58,6.12,8.8,12.42
96,11.52,3.99,17.41,47.54,5.71,4.08,9.73
97,8.58,2.11,21.17,46.98,5.19,3.63,12.35
98,8.42,1.9,19.39,44.18,8.71,6.23,11.17
99,12.09,3.54,12.77,42.72,8.51,5.05,15.31
100,12.26,2.49,9.18,53.19,4.67,4.54,13.67
101,13.05,2.37,11.44,41.73,6.03,8.02,17.36
102,8.17,2.04,12.64,56.72,4.7,2.39,13.34
111,12.24,2.67,10.25,43.27,5.24,5.05,21.28
112,10.82,4.64,15.26,36.12,8.67,6.01,18.49
113,11.41,6.84,14.82,38.35,7.27,5.05,16.26
114,5.55,1.31,12.51,55.91,3.56,5.13,16.03
115,14.76,3.53,13.84,38.69,6.06,4.06,19.07
116,13.0,1.95,13.9,43.18,6.73,5.27,15.97
117,11.73,3.76,13.93,43.9,6.67,5.05,14.96
118,11.88,8.74,17.27,31.44,6.4,5.69,18.57
119,13.33,2.6,17.01,33.55,8.52,7.07,17.93
120,11.07,4.5,18.12,38.33,6.33,8.86,12.78
121,12.54,3.54,17.21,33.89,7.41,7.22,18.18
131,15.36,7.62,20.85,33.37,6.18,5.27,11.36
132,13.85,6.67,15.53,33.61,11.51,4.16,14.67
133,20.02,5.81,18.64,31.49,8.06,5.17,10.81
134,6.69,5.34,10.12,54.37,6.82,2.88,13.77
135,32.86,5.02,13.15,27.21,9.28,5.22,7.27
136,19.77,8.13,17.57,33.21,6.45,4.28,10.6
137,21.94,6.16,18.94,29.01,8.05,5.4,10.48
138,15.87,6.89,18.86,35.44,7.39,5.5,10.05
139,28.93,5.34,14.74,29.31,8.04,4.96,8.69
140,16.29,7.31,10.3,46.54,5.96,3.83,9.77
141,22.15,6.4,19.09,25.68,9.81,5.82,11.04
142,14.39,9.44,18.99,30.97,6.89,6.89,12.43
151,35.58,4.29,12.94,28.62,7.48,5.31,5.78
152,32.17,3.66,8.98,38.54,6.87,3.89,5.89
153,13.27,3.6,15.17,39.05,7.63,5.22,16.06
154,32.64,3.4,13.61,32.18,6.96,4.27,6.92
155,18.74,5.6,19.65,28.39,8.51,6.55,12.55
156,28.37,3.87,15.52,32.4,7.48,4.76,7.6
157,11.76,4.27,14.97,45.46,5.71,3.99,13.85
158,20.11,4.23,21.81,28.33,10.03,5.41,10.08
159,21.9,4.06,18.04,31.89,7.57,5.27,11.27
160,36.75,4.49,11.87,29.76,7.35,3.91,5.87
161,34.11,3.73,15.68,25.36,8.74,4.05,8.33
172,15.18,2.87,15.44,39.0,8.56,5.62,13.32
173,11.03,3.54,12.94,41.07,7.21,6.2,18.01
174,13.23,3.63,19.27,35.66,7.38,6.64,14.19
175,12.3,2.76,16.88,43.18,5.81,4.79,14.28
176,13.01,3.16,16.46,41.05,6.51,4.12,15.69
177,12.74,3.22,17.57,32.96,7.89,6.91,18.69
178,15.31,2.5,13.06,42.81,7.94,3.76,14.62
180,12.45,2.67,13.14,42.13,9.21,4.35,16.04
181,5.7,1.46,13.26,54.54,5.55,6.0,13.49
182,6.68,2.38,12.14,50.32,7.91,3.55,17.04
191,12.0,4.82,16.65,36.72,12.33,4.45,13.02
192,18.69,3.78,16.21,36.07,7.48,5.85,11.93
193,18.78,4.39,20.76,30.11,9.82,5.34,10.8
194,16.42,5.85,22.54,26.09,10.4,5.95,12.73
195,24.02,3.64,14.69,35.68,8.29,3.42,10.27
196,13.62,2.39,20.99,33.08,7.05,4.66,18.2
197,16.04,4.7,16.03,29.98,12.07,5.99,15.19
198,13.11,3.45,23.56,27.72,9.52,8.03,14.61
199,12.51,4.34,13.58,45.6,7.36,3.25,13.36
200,15.84,2.52,16.54,41.16,8.18,4.28,11.49
211,5.37,2.94,11.91,52.85,2.89,4.46,19.59
213,20.57,2.72,13.02,37.63,9.39,3.92,12.74
214,11.47,0.88,12.89,41.96,6.56,4.41,21.82
215,12.39,2.85,18.38,40.05,8.55,3.79,14.0
216,10.87,2.17,13.82,46.28,8.53,4.41,13.92
217,11.34,3.11,17.37,37.77,11.62,4.43,14.36
218,7.2,2.26,7.1,40.87,5.45,3.26,33.86
219,11.68,2.59,16.99,38.21,10.01,5.25,15.27
220,4.48,0.84,10.9,61.3,6.61,2.09,13.8
221,19.52,3.8,12.37,34.14,12.52,4.62,13.03
222,3.97,0.66,7.3,61.59,4.96,1.22,20.3
223,14.09,2.61,15.31,38.27,9.7,4.26,15.76
224,9.58,3.6,17.03,42.56,7.71,4.59,14.93
225,12.17,3.66,11.85,39.91,8.68,5.61,18.11
226,8.15,0.6,13.24,46.89,5.64,9.45,16.05
227,18.46,3.71,13.2,40.38,6.4,3.22,14.62
228,8.08,1.72,15.24,46.13,4.56,5.85,18.43
230,12.05,4.03,26.06,23.43,8.78,8.82,16.82
231,8.94,3.41,16.16,39.84,5.85,5.3,20.51
241,19.89,6.11,12.55,39.13,8.08,3.12,11.13
242,15.97,6.81,17.45,37.1,8.6,4.86,9.22
243,10.75,10.59,20.22,34.86,5.78,5.67,12.14
244,18.3,5.94,12.08,45.25,6.14,2.74,9.56
245,18.41,5.47,22.87,35.33,5.15,2.82,9.94
246,23.75,4.8,11.61,46.12,5.19,2.25,6.27
247,13.23,6.8,23.53,32.35,7.39,5.09,11.61
248,32.55,4.26,10.43,32.98,8.63,3.59,7.56
249,23.65,4.2,11.81,41.98,6.52,2.17,9.67
250,13.37,6.92,20.68,37.1,6.92,4.47,10.55
251,14.54,4.8,15.68,46.78,6.36,2.99,8.84
261,14.23,3.78,31.31,18.08,9.17,10.69,12.74
297,8.08,2.73,13.05,45.55,4.52,5.17,20.9
298,14.69,4.53,12.5,41.66,8.08,4.0,14.56
301,10.3,1.08,16.84,36.36,5.96,5.07,24.39
302,4.72,1.46,17.62,38.98,4.19,5.69,27.34
303,9.35,2.09,16.22,34.77,5.38,7.56,24.63
304,5.45,1.13,12.41,47.43,4.37,3.82,25.39
305,6.48,1.56,12.44,48.13,4.35,3.1,23.93
306,12.46,1.93,20.28,30.2,5.67,4.88,24.57
307,12.12,1.53,19.28,28.97,7.39,8.88,21.86
309,4.59,0.96,17.05,40.45,7.53,6.16,23.24
310,6.06,1.54,14.14,44.96,5.37,6.54,21.4
311,5.59,1.26,17.97,34.92,5.21,7.76,27.3
312,4.67,0.96,12.23,44.89,3.7,6.8,26.74
321,12.31,1.44,17.61,38.13,4.18,4.77,21.56
322,3.45,0.55,6.55,58.44,2.93,6.17,21.9
323,6.3,0.82,16.37,50.51,3.46,4.81,17.73
324,4.1,0.58,15.31,51.57,3.79,5.3,19.35
325,5.81,0.56,6.94,53.09,2.72,3.37,27.5
326,5.28,0.47,6.32,55.66,3.28,3.08,25.91
329,16.9,2.06,22.06,26.74,6.26,7.21,18.78
331,9.52,1.69,16.25,37.82,5.34,4.75,24.61
332,7.48,1.17,9.67,43.6,3.72,8.86,25.5
333,8.58,0.47,15.05,44.27,4.25,6.85,20.53
334,3.81,0.06,6.4,51.12,6.23,4.52,27.87
335,5.44,1.85,5.13,49.08,1.08,1.18,36.26
336,1.33,0.13,6.73,67.75,0.32,1.71,22.03
337,8.3,0.73,19.51,38.74,4.5,4.33,23.89
338,5.74,0.45,10.62,47.22,1.91,3.7,30.37
339,0.86,0.06,3.52,44.25,1.75,0.72,48.85
340,8.7,0.34,7.03,49.97,6.79,4.07,23.09
341,5.24,0.73,13.77,58.06,3.07,3.54,15.6
342,13.23,0.51,14.18,40.71,4.05,4.05,23.26
344,3.91,1.18,5.64,49.53,3.32,6.62,29.8
345,11.11,1.62,20.4,40.49,3.58,3.3,19.5
351,9.92,2.57,34.33,12.39,9.38,17.39,14.03
352,16.47,2.63,21.05,24.28,6.22,8.21,21.12
353,15.78,2.9,24.97,19.56,9.81,11.33,15.65
354,14.64,1.35,18.06,29.76,7.79,9.65,18.76
355,11.06,2.95,25.53,21.87,7.92,11.75,18.91
356,23.93,2.62,18.87,21.98,7.28,8.2,17.11
357,2.36,0.27,10.29,58.65,4.14,6.55,17.73
358,15.81,2.64,16.72,25.27,5.79,5.98,27.78
359,12.0,2.09,16.03,33.5,6.31,8.56,21.51
360,12.22,2.13,24.19,26.05,7.35,10.2,17.87
361,12.95,3.36,21.14,26.54,5.67,9.36,20.99
362,16.39,2.98,19.83,25.29,6.18,8.03,21.3
363,10.34,3.16,23.44,25.61,6.68,8.08,22.67
371,9.42,2.04,32.01,22.05,5.68,13.93,14.86
372,19.2,1.92,23.09,19.74,7.17,12.93,15.95
381,7.81,1.46,9.92,45.96,4.0,3.43,27.43
382,8.16,1.7,15.93,43.74,5.33,4.26,20.88
383,10.12,1.68,16.56,36.11,6.32,4.59,24.63
385,7.45,0.86,15.01,45.72,3.69,4.89,22.37
386,4.52,0.88,18.11,38.28,4.81,6.31,27.09
387,11.5,1.32,21.56,38.05,4.51,4.84,18.23
388,12.3,1.02,12.52,37.59,2.94,4.22,29.4
389,0.0,0.0,0.0,0.0,0.0,0.0,0.0
390,6.39,1.88,17.3,41.39,3.94,4.92,24.16
391,4.63,0.83,14.26,47.33,4.17,4.81,23.96
392,10.84,1.25,15.45,41.54,4.17,5.08,21.66
393,4.42,1.76,13.09,34.15,3.13,2.55,40.91
394,4.21,1.1,14.89,46.88,3.73,4.25,24.94
401,4.05,1.04,14.13,47.9,5.62,4.24,23.03
402,2.5,0.95,11.01,48.24,3.82,3.92,29.56
403,5.34,2.65,14.98,36.79,9.35,6.34,24.54
404,9.34,1.76,24.8,22.01,7.39,9.82,24.87
405,7.24,1.39,11.9,46.51,5.41,3.79,23.74
406,4.96,0.77,10.7,40.52,4.59,6.14,32.32
407,3.0,0.4,10.83,50.5,3.87,5.78,25.61
408,0.0,0.0,0.0,0.0,0.0,0.0,0.0
409,8.18,1.87,13.83,40.33,7.55,4.93,23.3
410,5.79,0.64,9.11,55.17,3.05,4.62,21.61
411,3.7,1.76,8.02,52.79,6.56,4.25,22.93
412,10.76,1.62,17.38,32.9,5.36,4.58,27.4
413,8.56,2.14,15.87,38.17,4.98,4.71,25.56
414,8.06,1.0,13.54,46.27,2.52,4.48,24.13
415,5.43,1.51,13.86,46.14,6.33,4.34,22.38
416,3.08,1.05,11.69,47.19,6.1,7.62,23.28
417,0.0,0.0,0.0,0.0,0.0,0.0,0.0
418,5.19,1.65,14.53,45.06,5.27,4.28,24.04
419,0.0,0.0,0.0,0.0,0.0,0.0,0.0
420,7.7,1.73,16.13,45.09,3.28,5.6,20.48
421,3.29,0.44,0.89,61.42,3.91,4.53,25.52
422,0.0,0.0,0.0,0.0,0.0,0.0,0.0
423,2.61,0.13,6.53,54.76,5.27,5.19,25.5
424,4.44,0.64,10.0,47.52,4.86,4.38,28.16
431,8.06,0.77,19.34,45.46,1.84,11.01,13.52
432,4.49,0.84,20.29,34.49,0.29,16.75,22.86
433,3.39,2.19,23.63,43.87,3.47,10.89,12.56
434,7.03,1.93,25.4,45.07,1.25,9.98,9.35
435,6.83,0.03,18.95,37.69,5.26,9.16,22.1
437,2.61,0.07,6.24,48.3,1.96,6.38,34.44
438,5.48,1.57,23.91,40.5,2.13,9.87,16.54
441,10.11,0.76,19.42,35.92,0.85,13.17,19.79
442,3.1,0.39,21.83,55.1,0.52,10.59,8.46
443,17.43,2.5,28.67,32.65,1.43,5.33,12.01
444,8.33,2.72,21.12,36.99,1.09,7.22,22.53
445,5.68,1.73,19.83,41.39,3.08,5.51,22.77
446,9.74,1.43,35.5,28.2,0.81,6.61,17.71
448,12.04,1.58,29.05,28.34,3.97,8.14,16.87
449,5.49,2.55,23.9,37.76,5.21,8.0,17.09
450,9.25,1.87,20.41,44.71,2.19,7.44,14.14
491,6.06,0.66,11.89,53.51,6.49,5.13,16.25
492,10.52,0.74,21.08,28.47,6.73,12.02,20.44
493,2.84,0.74,12.78,36.46,4.94,3.07,39.16
494,7.52,0.39,17.75,35.06,5.6,6.82,26.86
495,8.55,2.93,13.07,42.75,4.74,3.84,24.12
496,10.05,1.59,19.74,34.63,5.66,8.42,19.9
497,5.28,1.18,17.8,52.28,7.28,3.95,12.24
498,6.79,0.98,5.9,50.71,4.04,3.4,28.2
499,5.7,0.48,12.91,51.73,1.61,5.58,21.97
500,4.16,0.18,6.3,58.87,1.72,5.9,22.87
501,7.37,1.33,14.89,29.86,5.23,15.65,25.67
502,9.93,1.09,14.66,33.56,7.53,8.53,24.7
532,7.34,0.19,8.15,47.95,8.52,4.23,23.62
533,7.28,1.58,23.09,30.28,6.06,7.91,23.79
535,0.0,0.0,0.0,0.0,0.0,0.0,0.0
536,13.22,1.22,7.02,44.61,7.27,10.94,15.72
538,6.3,1.66,14.76,35.6,6.05,6.63,29.02
540,11.29,2.26,18.59,26.16,6.43,7.22,28.05
541,7.02,0.8,7.2,38.25,4.31,8.64,33.78
543,8.64,3.16,14.15,35.06,5.7,6.1,27.19
544,9.18,2.53,22.37,35.47,5.9,4.05,20.51
546,9.07,2.61,21.73,29.35,6.33,8.02,22.87
551,8.63,2.85,20.36,34.6,6.05,4.84,22.68
552,8.37,1.78,19.47,37.85,5.65,5.7,21.18
553,2.92,1.03,11.1,58.02,0.34,4.43,22.15
554,6.02,2.49,16.32,33.73,9.76,3.71,27.96
556,7.62,0.82,13.22,55.0,2.97,5.47,14.9
557,7.81,2.37,12.62,35.23,5.28,6.18,30.52
561,5.33,0.45,4.73,46.03,3.52,1.74,38.2
562,6.79,0.83,8.22,48.39,3.97,6.44,25.36
563,5.69,0.71,6.85,43.01,8.92,2.62,32.21
564,3.65,0.58,6.87,68.28,3.98,1.64,15.0
565,7.7,0.96,11.89,48.5,6.71,4.98,19.27
566,4.81,1.64,11.46,33.76,5.43,4.91,37.97
567,6.38,0.62,7.4,55.8,5.74,3.61,20.45
571,3.97,0.8,9.85,50.55,3.69,7.78,23.35
572,6.13,0.86,19.08,40.7,3.25,8.71,21.27
573,7.81,0.69,13.49,41.78,4.36,9.75,22.11
574,4.09,3.2,10.98,56.58,3.76,9.3,12.1
575,7.19,0.43,16.05,38.94,2.6,5.98,28.79
576,13.47,0.67,6.3,54.56,2.18,9.24,13.57
577,3.09,1.23,14.14,41.68,4.14,11.71,24.02
578,9.54,0.44,7.28,49.53,1.86,8.9,22.44
579,1.14,0.68,4.6,74.68,1.26,2.15,15.48
580,5.04,0.21,14.2,42.75,1.97,9.28,26.56
581,11.35,1.51,18.57,30.67,4.15,7.9,25.85
582,4.1,0.19,8.66,55.03,2.47,4.63,24.92
584,11.3,0.71,13.56,39.83,4.44,6.12,24.04
585,9.17,1.79,12.79,37.66,4.9,5.32,28.37
586,2.03,2.36,3.33,68.01,1.25,13.31,9.71
587,8.35,0.78,17.51,33.59,4.95,8.77,26.03
588,6.92,1.63,12.44,44.86,3.13,13.19,17.82
589,5.23,0.57,13.83,38.73,4.49,8.99,28.16
590,5.14,1.0,14.97,43.44,4.23,8.69,22.53
591,5.03,0.11,8.1,55.25,0.66,15.21,15.65
592,8.56,0.69,19.09,34.16,3.74,11.38,22.38
593,9.45,0.96,18.71,32.14,5.53,8.36,24.84
594,8.41,1.08,12.02,43.22,3.52,7.62,24.12
602,4.93,0.61,7.11,59.49,3.02,4.79,20.06
603,6.44,1.73,12.75,38.06,5.18,4.3,31.54
605,3.32,0.48,9.67,53.83,4.06,4.86,23.78
606,7.25,1.05,9.58,51.94,4.59,4.79,20.82
607,5.82,2.24,5.02,38.99,7.31,4.72,35.88
608,10.35,1.34,15.21,29.2,4.41,5.73,33.75
609,3.19,1.26,4.03,65.45,1.55,1.26,23.26
610,5.22,0.56,8.88,41.13,5.89,3.91,34.41
611,11.78,2.7,12.39,33.14,5.79,3.8,30.4
612,8.61,1.43,16.01,34.21,6.31,6.05,27.37
613,1.13,0.14,3.39,67.66,1.98,3.77,21.92
614,3.57,0.92,7.18,61.72,1.94,2.41,22.26
615,4.19,1.09,5.92,51.38,2.44,0.66,34.32
616,9.87,1.98,18.78,25.68,7.52,11.57,24.61
617,5.13,1.2,13.88,35.94,6.44,7.65,29.77
619,12.4,0.92,12.39,39.97,5.56,5.91,22.83
620,3.22,0.32,6.84,51.01,4.13,3.34,31.13
622,5.47,0.77,12.16,43.73,9.27,7.52,21.06
623,8.28,2.04,21.48,26.22,8.03,7.47,26.48
624,7.2,0.79,12.83,38.83,7.75,5.53,27.06
625,5.16,0.71,9.71,41.98,6.93,4.18,31.34
626,3.94,0.4,12.51,51.16,4.54,5.77,21.69
627,12.85,1.72,19.31,28.9,6.23,8.01,22.98
628,6.04,0.87,14.57,40.2,4.62,6.0,27.69
629,3.26,0.41,6.96,52.19,4.74,4.22,28.22
630,14.48,2.48,9.67,39.79,3.68,8.09,21.82
632,9.6,1.48,13.79,36.76,5.08,6.21,27.09
661,0.0,0.0,0.0,0.0,0.0,0.0,0.0
662,6.24,0.84,11.13,49.46,3.43,6.6,22.3
663,9.31,3.21,13.89,34.83,5.81,8.11,24.86
664,7.88,0.34,1.28,55.5,2.9,5.26,26.85
665,2.22,2.59,13.11,57.11,3.29,4.44,17.26
666,11.42,0.29,11.17,43.96,2.85,3.32,26.98
667,9.93,2.95,24.14,28.29,7.0,6.06,21.63
668,10.22,1.23,14.11,43.38,3.28,4.47,23.32
669,7.54,1.91,12.57,46.86,3.69,5.09,22.33
670,7.71,2.06,16.47,41.22,4.71,4.58,23.24
671,3.52,1.14,11.69,53.53,2.81,5.12,22.21
681,9.92,12.33,22.13,31.45,2.21,4.19,17.78
683,4.0,1.26,5.35,63.82,0.0,1.57,24.01
687,4.5,0.61,8.51,49.85,1.52,1.76,33.25
690,7.54,2.72,18.34,51.94,1.02,3.22,15.22
691,4.7,4.03,24.59,38.08,3.0,6.36,19.25
692,9.35,0.67,21.01,37.6,4.63,5.52,21.21
694,4.48,1.22,14.43,39.99,1.63,9.05,29.19
696,4.06,1.05,23.73,42.05,1.69,9.14,18.29
700,8.16,9.78,29.57,31.44,1.46,5.27,14.32
701,2.14,4.14,19.33,44.64,2.89,3.87,22.98
703,8.24,0.85,20.87,43.7,1.07,4.75,20.52
704,0.55,2.98,9.93,62.33,3.92,2.76,17.54
706,3.59,0.21,12.88,56.5,0.58,4.42,21.82
707,2.88,0.06,12.81,59.05,1.23,4.05,19.92
708,0.0,0.0,18.35,58.82,0.0,21.88,0.94
709,0.0,0.0,2.0,59.08,0.0,10.46,28.47
711,3.45,0.82,36.44,23.51,3.45,5.92,26.41
713,6.2,2.23,27.55,36.14,2.61,3.84,21.44
715,0.0,4.5,8.67,60.83,0.33,4.5,21.17
716,3.31,0.28,16.18,47.53,0.53,10.15,22.04
717,9.43,2.71,26.77,38.73,2.23,3.15,16.98
723,15.24,2.03,34.53,19.99,6.53,9.22,12.46
724,8.43,0.79,24.38,40.06,3.52,6.95,15.87
726,8.35,1.4,28.9,32.52,5.47,10.02,13.32
731,8.21,1.63,22.98,38.89,4.14,2.34,21.83
732,19.32,2.0,14.53,28.4,7.18,5.49,23.08
733,8.99,1.74,23.16,32.18,6.71,7.88,19.34
734,7.54,1.01,7.64,46.06,8.06,4.37,25.33
735,1.06,2.84,19.05,55.11,4.55,2.3,15.09
736,5.33,0.2,21.1,41.12,7.45,5.09,19.7
737,5.82,1.82,5.58,60.85,2.46,4.48,18.99
738,5.91,0.26,18.49,33.95,4.67,4.25,32.48
739,13.77,1.79,22.03,30.68,7.24,6.7,17.79
740,14.33,0.79,15.7,22.72,6.44,13.65,26.35
741,11.1,1.36,18.52,29.25,4.77,6.7,28.32
742,20.13,1.37,7.45,43.26,5.7,3.48,18.6
743,14.75,1.37,27.79,23.97,6.32,11.15,14.65
744,7.78,1.72,24.48,37.02,3.61,4.94,20.45
745,14.66,1.77,19.84,32.42,5.02,6.03,20.26
746,8.42,0.5,19.58,42.73,3.72,3.21,21.84
747,4.27,0.71,15.44,41.34,3.95,5.68,28.61
748,8.3,1.05,13.15,50.36,4.43,2.96,19.74
749,8.78,1.52,15.27,41.11,5.71,2.66,24.94
750,10.09,1.06,16.84,30.44,8.4,9.27,23.89
751,11.84,1.27,18.5,35.15,6.88,5.68,20.68
754,6.58,1.43,10.18,50.88,4.78,2.31,23.84
755,6.99,0.86,18.32,36.83,4.68,4.2,28.12
756,17.0,0.51,19.33,29.89,8.29,10.63,14.34
761,2.54,0.44,3.94,72.51,1.97,2.33,16.28
762,2.39,0.61,5.22,71.62,3.81,2.46,13.88
763,3.16,0.44,8.52,57.81,2.84,4.89,22.34
766,1.34,0.07,5.92,64.41,1.66,3.64,22.95
767,3.79,0.48,6.0,52.46,4.02,3.75,29.5
768,7.73,1.43,18.37,31.29,6.61,7.39,27.18
769,4.88,0.4,9.69,49.03,3.75,4.59,27.66
770,2.92,1.57,7.01,58.54,3.53,5.24,21.19
782,5.35,2.54,8.15,54.6,2.65,10.9,15.81
783,4.83,1.23,13.35,49.58,3.25,8.54,19.22
784,3.38,1.75,9.02,62.15,2.38,7.5,13.84
785,6.88,0.9,16.73,44.28,3.46,10.48,17.27
786,4.04,2.28,9.44,54.87,3.44,6.17,19.76
791,2.92,0.23,5.63,71.0,2.71,3.46,14.05
792,9.63,0.47,6.45,57.54,3.91,2.67,19.33
793,4.15,0.24,4.05,68.94,3.27,2.21,17.16
794,8.2,0.56,8.65,54.1,7.57,2.9,18.01
841,5.73,0.12,6.98,61.14,5.32,3.41,17.3
842,6.26,1.04,5.57,67.03,1.97,2.73,15.41
843,14.4,0.84,5.38,52.86,5.21,2.94,18.38
852,2.03,0.62,9.32,59.14,2.13,6.26,20.49
853,5.0,2.6,12.96,49.08,3.66,6.46,20.25
855,6.89,1.56,20.52,39.2,4.52,6.95,20.34
861,8.92,2.2,17.73,34.08,6.14,5.79,25.14
863,3.69,1.44,15.76,47.03,3.16,6.06,22.85
865,1.18,0.32,14.72,55.35,2.85,2.42,23.17
866,5.86,1.5,12.51,45.02,6.73,4.96,23.41
867,4.03,1.33,10.57,48.88,5.47,4.65,25.08
868,0.0,0.0,0.0,0.0,0.0,0.0,0.0
869,5.57,1.68,22.49,28.59,5.33,10.31,26.04
870,12.97,3.51,19.2,27.07,6.67,6.43,24.16
872,5.85,1.96,12.51,44.73,6.76,6.17,22.02
873,5.13,0.4,9.02,50.49,4.79,3.02,27.16
874,6.04,0.79,12.43,48.95,3.67,9.78,18.35
875,7.68,0.22,9.86,44.85,4.11,3.82,29.47
876,8.01,1.32,18.01,31.3,7.41,12.57,21.4
877,0.0,0.0,0.0,0.0,0.0,0.0,0.0
878,0.0,0.0,0.0,0.0,0.0,0.0,0.0
879,6.58,0.67,9.0,55.21,4.26,5.13,19.13
880,2.63,0.48,11.36,55.13,2.09,4.13,24.18
881,2.81,0.68,10.38,47.04,5.67,8.22,25.19
883,3.96,2.99,14.73,42.74,4.95,4.76,25.87
884,7.12,2.07,15.12,35.72,6.0,5.52,28.45
885,6.48,1.69,15.07,38.56,5.63,7.19,25.36
886,4.23,1.6,14.13,40.4,3.98,5.75,29.9
888,5.14,0.87,13.03,38.89,5.52,7.74,28.81
901,2.58,0.35,3.36,68.14,1.72,2.67,21.17
902,7.1,1.13,17.78,34.94,5.07,8.8,25.18
903,3.36,0.5,8.8,53.61,3.84,3.6,26.3
904,1.86,0.33,3.1,69.09,1.34,2.17,22.11
905,3.73,1.15,8.55,47.86,3.4,4.1,31.22
906,2.98,0.44,2.05,75.37,1.98,2.63,14.55
907,4.36,0.95,10.14,49.49,3.0,4.03,28.02
908,1.61,0.81,5.71,61.33,2.87,6.92,20.75
909,3.43,0.42,9.8,38.43,2.92,6.99,38.01
921,5.3,1.19,13.48,47.4,5.84,6.68,20.12
922,3.01,0.72,11.4,51.47,2.63,3.48,27.29
923,4.24,0.52,6.44,59.74,3.29,1.98,23.8
924,1.28,0.52,6.4,75.8,0.92,1.44,13.64
925,4.67,0.85,10.27,52.6,3.86,5.66,22.09
927,4.02,0.67,12.2,47.2,4.28,4.55,27.07
928,7.06,2.31,14.13,40.19,4.69,4.97,26.66
929,14.37,1.78,16.19,27.96,7.66,9.92,22.13
931,1.44,1.59,4.35,63.7,2.61,3.83,22.47
932,1.89,0.13,0.75,84.49,1.11,1.37,10.29
934,17.0,1.54,12.94,34.12,8.24,7.31,18.86
935,2.52,0.19,4.42,73.51,3.69,1.73,13.93
936,2.49,0.04,5.06,67.67,1.8,3.22,19.71
937,0.77,1.32,4.18,62.27,2.91,3.5,25.05
938,6.49,1.0,9.37,56.18,3.24,5.39,18.33
939,9.29,1.49,15.05,33.79,6.63,7.28,26.45
940,0.72,0.05,4.78,70.13,1.7,1.54,21.08
941,4.65,0.89,15.19,41.24,3.89,5.23,28.92
942,8.62,2.2,18.99,30.85,6.82,9.48,23.03
943,3.21,1.31,7.88,46.47,2.94,5.54,32.66
944,5.08,1.54,10.71,50.17,4.61,6.25,21.64
945,2.05,0.53,6.9,63.34,3.18,3.78,20.22
946,0.04,0.04,1.75,72.89,0.2,3.7,21.38
947,2.45,1.18,10.15,51.61,5.28,11.16,18.17
948,3.01,0.88,8.36,54.59,4.68,4.34,24.15
951,5.13,1.11,9.24,52.72,2.23,2.77,26.79
952,2.77,0.91,6.01,57.73,2.18,2.96,27.44
953,4.02,0.9,11.75,47.36,4.62,3.86,27.48
954,7.79,1.44,14.26,37.87,5.21,4.48,28.94
955,5.98,0.86,10.37,46.39,3.27,5.52,27.6
956,6.27,0.83,9.81,40.59,2.75,3.33,36.41
957,6.72,1.52,10.22,42.77,5.25,3.84,29.69
958,3.0,0.51,10.0,56.52,2.04,6.66,21.27
959,1.41,0.16,6.35,63.26,1.59,1.92,25.29
960,2.78,0.9,5.5,54.84,1.75,2.25,31.98
971,11.4,1.5,15.78,47.91,2.23,2.57,18.62
972,3.69,0.46,0.0,73.23,6.15,0.0,16.46
973,5.13,1.23,17.64,48.41,4.23,2.18,21.17
975,6.91,1.59,12.57,52.66,3.57,3.45,19.24
976,4.3,2.03,8.44,54.17,5.2,5.13,20.73
977,7.7,1.34,12.14,42.28,5.1,3.2,28.24
978,4.38,0.19,8.29,23.43,11.33,3.52,48.85
979,12.38,1.67,20.16,29.87,5.98,6.58,23.34
980,4.45,1.32,15.73,39.47,6.19,4.57,28.27
981,13.32,1.89,15.07,46.11,4.52,3.03,16.05
982,8.46,2.67,18.65,30.72,5.44,6.39,27.66
983,11.69,1.06,13.69,43.13,5.44,4.52,20.46
985,2.88,0.14,6.94,49.22,3.11,4.69,32.99
987,5.65,0.78,9.12,62.62,3.74,3.78,14.3
988,3.7,1.05,11.14,39.73,5.74,4.4,34.25
989,6.62,0.81,8.31,53.13,4.82,2.45,23.87
990,8.78,0.52,18.02,50.12,6.86,1.57,14.13
991,4.68,0.54,13.98,49.76,3.64,3.77,23.63
992,17.89,2.18,10.65,40.44,5.02,3.26,20.57
993,8.08,0.81,14.19,44.79,4.1,1.84,26.19
995,10.12,0.68,17.13,40.32,4.4,5.64,21.69
996,10.92,1.63,20.26,43.9,6.3,5.49,11.51
1001,13.74,42.05,1.69,40.46,0.45,0.86,0.75
1002,24.76,31.32,3.12,35.52,1.92,1.75,1.6
1004,20.96,36.25,2.3,37.65,0.99,1.26,0.6
1005,15.9,35.14,3.92,41.86,0.91,0.95,1.33
1007,11.43,48.36,2.49,34.38,0.9,0.96,1.48
1008,16.16,33.55,8.21,34.4,2.78,3.23,1.67
1009,12.04,30.43,4.51,43.66,2.24,3.27,3.86
1010,13.86,40.33,3.45,36.78,1.45,1.87,2.25
1021,17.98,27.21,3.47,39.31,3.66,3.12,5.25
1022,11.98,29.75,9.79,32.39,5.02,8.05,3.03
1023,16.57,26.35,5.77,40.33,5.26,3.59,2.12
1024,16.38,16.41,15.46,36.36,4.83,7.19,3.37
1025,23.15,30.3,5.57,29.9,5.15,4.14,1.8
1026,20.31,32.59,7.39,28.68,4.66,3.15,3.21
1030,15.34,29.39,9.99,32.92,4.31,5.61,2.43
1031,16.98,31.27,11.05,26.84,5.28,5.88,2.69
1032,9.51,32.16,7.36,39.52,4.32,4.01,3.11
1033,20.78,26.8,6.67,34.26,5.61,3.47,2.4
1037,25.06,30.71,5.6,28.4,5.26,2.42,2.56
1039,11.95,31.04,5.65,39.88,3.69,4.18,3.6
1040,16.19,23.03,16.65,30.64,5.39,5.25,2.85
1041,12.62,27.04,6.62,41.54,4.66,5.26,2.26
1051,18.72,14.5,20.72,27.69,7.26,8.77,2.35
1052,22.29,19.44,13.62,27.77,7.65,4.87,4.36
1053,14.86,19.87,10.43,38.08,4.92,5.99,5.85
1054,16.21,20.47,15.42,30.18,6.33,8.08,3.32
1055,19.39,17.07,8.46,44.83,4.59,2.91,2.75
1056,19.06,20.0,9.93,32.88,9.44,5.58,3.12
1057,10.55,20.47,12.89,40.55,5.62,6.41,3.51
1058,19.13,19.42,15.75,27.1,6.32,8.99,3.28
1059,16.12,16.7,19.82,27.75,6.36,10.27,3.0
1061,15.39,14.06,25.76,19.54,8.71,13.34,3.21
1062,17.98,24.37,10.71,30.71,5.65,6.62,3.96
1063,30.09,15.35,11.03,28.15,8.28,5.53,1.56
1064,18.99,12.31,11.87,42.27,6.48,3.85,4.22
1065,18.92,19.99,11.56,34.08,6.3,4.97,4.16
1066,18.94,31.56,8.2,34.36,2.71,2.28,1.95
1067,24.04,17.43,8.78,30.39,12.23,5.68,1.46
1068,29.51,13.06,10.09,30.75,8.31,5.52,2.76
1069,25.67,18.0,9.54,30.5,6.5,6.13,3.67
1081,26.8,31.43,6.24,25.31,4.27,3.86,2.08
1082,26.73,18.88,8.66,34.68,4.42,4.55,2.09
1083,12.99,37.32,6.67,32.53,5.0,3.02,2.48
1084,23.14,25.16,5.93,32.97,5.31,5.06,2.43
1085,17.25,22.5,11.7,29.72,8.42,7.74,2.67
1086,25.49,34.5,4.73,27.56,3.21,2.99,1.53
1088,19.21,32.84,6.53,29.12,6.45,3.26,2.59
1089,21.18,28.25,9.13,28.76,4.53,5.82,2.33
1091,19.29,27.04,10.54,27.2,6.31,6.98,2.64
1093,22.19,25.52,9.9,29.07,5.54,4.63,3.15
1094,18.04,26.98,9.29,30.38,6.48,5.49,3.32
1095,24.11,25.39,10.15,22.64,7.12,8.35,2.26
1097,22.82,27.99,5.01,37.14,2.66,2.42,1.97
1098,14.32,35.57,8.02,31.31,4.37,4.06,2.36
1099,22.78,27.75,8.07,30.01,5.12,4.86,1.42
1100,34.89,29.56,3.71,25.64,3.14,2.07,0.99
1102,20.5,30.57,11.34,20.86,7.36,6.75,2.61
1103,17.71,25.5,16.81,20.49,7.5,9.34,2.63
1104,24.53,24.45,6.95,32.77,3.74,4.52,3.04
1107,14.91,36.46,6.8,33.11,2.51,4.51,1.68
1121,26.77,32.34,3.29,33.87,1.36,0.7,1.66
1122,27.87,26.93,3.07,31.29,4.69,2.62,3.53
1123,14.05,52.5,5.78,17.88,2.77,5.44,1.57
1125,20.1,31.53,7.7,32.54,2.78,3.1,2.26
1126,25.27,36.34,1.87,32.14,0.4,2.39,1.6
1127,22.63,36.85,4.97,24.94,4.26,3.61,2.74
1128,26.66,32.42,6.1,27.69,3.18,2.17,1.79
1129,14.2,30.6,2.28,46.87,1.02,2.32,2.71
1130,20.99,39.1,3.07,33.91,1.27,0.98,0.69
1131,16.11,41.28,4.26,30.7,3.17,3.27,1.21
1132,12.59,44.47,1.93,37.07,1.29,1.85,0.81
1135,8.62,50.13,2.56,33.38,1.87,2.0,1.44
1136,24.21,37.05,2.65,30.46,1.8,1.97,1.86
1137,41.03,22.37,4.74,25.21,3.46,2.17,1.01
1139,14.2,32.86,6.93,32.53,3.74,5.01,4.72
1140,21.01,25.93,8.81,32.89,4.89,3.2,3.27
1142,23.02,29.76,5.74,32.33,3.29,2.49,3.37
1143,17.04,33.88,5.99,35.28,3.45,2.71,1.66
1145,9.44,42.15,2.39,39.47,2.99,0.76,2.8
1146,19.34,29.84,8.62,30.5,4.68,4.22,2.78
1147,18.77,16.61,12.94,39.0,6.1,2.62,3.96
1150,21.23,31.91,5.23,33.81,1.93,3.05,2.83
1151,19.7,31.61,9.91,27.93,3.48,5.5,1.87
1201,0.0,20.47,0.0,36.31,0.0,40.09,3.13
1202,0.0,68.13,0.0,21.83,0.0,9.51,0.53
1203,0.0,35.44,0.0,42.34,0.0,19.07,3.15
1204,0.0,30.43,0.0,40.58,0.0,27.54,1.45
1205,0.0,23.91,0.0,50.06,0.0,23.86,2.17
1206,0.0,25.45,0.0,41.47,0.0,30.69,2.4
1207,0.0,15.81,0.0,49.44,0.0,29.36,5.4
1208,0.0,54.24,0.0,28.81,0.0,12.43,4.52
1209,0.0,52.4,0.0,29.81,0.0,15.87,1.92
1210,0.0,48.19,0.0,37.35,0.0,14.46,0.0
1211,0.0,53.5,0.0,28.0,0.0,17.0,1.5
1212,0.0,54.93,0.0,36.62,0.0,7.04,1.41
1213,0.0,18.97,0.0,56.54,0.0,22.08,2.4
1214,0.0,24.32,0.0,46.94,0.0,25.46,3.27
1215,0.0,34.63,0.0,45.37,0.0,17.56,2.44
1216,0.0,32.22,0.0,44.58,0.0,20.0,3.19
1217,0.0,11.21,0.0,63.55,0.0,25.23,0.0
1218,0.0,33.33,0.0,54.37,0.0,10.66,1.64
1219,0.0,27.86,0.0,63.79,0.0,6.96,1.39
1220,0.0,45.16,0.0,38.71,0.0,14.52,1.61
1301,18.04,25.28,13.59,38.71,3.19,1.19,0.0
1311,26.37,26.31,10.51,33.48,1.26,2.08,0.0
1321,27.42,13.72,9.37,44.96,3.45,1.09,0.0
1322,23.57,14.49,13.81,43.14,3.64,1.34,0.0
1323,29.1,13.97,9.94,42.47,3.21,1.3,0.0
1331,32.94,20.64,11.0,29.93,3.75,1.74,0.0
1341,18.92,17.19,11.28,48.29,2.76,1.56,0.0
1342,17.8,12.79,13.73,51.79,2.87,1.03,0.0
1343,10.6,35.87,5.71,44.29,2.17,1.36,0.0
1344,20.47,15.52,20.25,38.76,3.52,1.48,0.0
1345,16.25,13.63,16.1,49.79,2.91,1.31,0.0
1346,13.5,16.94,14.85,50.91,2.63,1.17,0.0
1347,17.96,14.3,9.92,55.06,1.73,1.04,0.0
1348,10.16,11.66,9.12,67.19,1.12,0.75,0.0
1349,14.91,15.13,18.8,47.44,2.44,1.28,0.0
1361,10.18,12.92,3.23,72.8,0.68,0.2,0.0
1362,20.58,20.34,15.54,38.32,3.56,1.66,0.0
1363,9.78,24.86,4.57,58.06,2.0,0.72,0.0
1364,20.26,25.72,15.37,34.32,2.31,2.02,0.0
1365,21.79,20.59,8.36,46.64,1.37,1.26,0.0
1366,13.71,20.13,13.71,46.73,3.24,2.48,0.0
1367,12.95,20.92,5.31,58.95,1.29,0.58,0.0
1368,14.33,19.36,9.71,55.06,1.54,0.0,0.0
1369,18.75,12.5,1.79,66.07,0.0,0.89,0.0
1370,13.37,21.75,6.89,56.8,0.95,0.24,0.0
1371,18.26,22.12,7.49,48.81,2.1,1.22,0.0
1372,19.89,24.18,16.54,35.66,1.96,1.76,0.0
1373,19.43,22.57,12.56,39.57,3.59,2.28,0.0
1374,17.69,15.67,6.25,57.3,2.56,0.54,0.0
1375,8.53,12.85,3.51,73.02,1.57,0.52,0.0
1401,0.0,0.0,0.0,37.24,0.0,0.0,62.76
1402,0.0,0.0,0.0,46.48,0.0,0.0,53.52
1403,0.0,0.0,0.0,36.97,0.0,0.0,63.03
1404,0.0,0.0,0.0,32.68,0.0,0.0,67.32
1405,0.0,0.0,0.0,23.51,0.0,0.0,76.49
1406,0.0,0.0,0.0,30.01,0.0,0.0,69.99
1407,0.0,0.0,0.0,34.35,0.0,0.0,65.65
1501,0.0,0.0,0.0,83.85,0.0,0.0,16.15
1502,0.0,0.0,0.0,83.82,0.0,0.0,16.18
1503,0.0,0.0,0.0,88.71,0.0,0.0,11.29
1504,0.0,0.0,0.0,83.91,0.0,0.0,16.09
1505,0.0,0.0,0.0,85.47,0.0,0.0,14.53
1506,0.0,0.0,0.0,84.35,0.0,0.0,15.65
1507,0.0,0.0,0.0,85.41,0.0,0.0,14.59
1508,0.0,0.0,0.0,84.64,0.0,0.0,15.36
1509,0.0,0.0,0.0,73.59,0.0,0.0,26.41
1510,0.0,0.0,0.0,83.83,0.0,0.0,16.17
1511,0.0,0.0,0.0,88.72,0.0,0.0,11.28
1630,0.0,0.0,38.44,0.0,0.0,0.0,61.56
1631,0.0,0.0,51.02,0.0,0.0,0.0,48.99
1632,0.0,0.0,47.75,0.0,0.0,0.0,52.25
1701,15.94,23.06,15.98,32.6,3.39,8.15,0.88
1702,15.76,26.4,14.81,31.4,3.92,6.69,1.03
1703,17.17,32.75,13.56,27.65,3.5,4.64,0.73
1704,18.84,34.75,9.81,28.29,1.68,5.35,1.27
1705,19.55,28.72,10.6,33.78,2.73,4.21,0.4
1706,16.53,33.98,6.63,35.67,2.13,4.46,0.6
1707,17.77,24.09,9.47,35.94,3.69,7.76,1.27
1708,15.46,30.05,13.48,27.3,3.6,8.87,1.25
1709,20.51,27.87,9.66,34.62,2.4,4.26,0.68
1710,19.53,26.34,12.06,36.73,2.57,2.49,0.27
1711,19.49,22.47,17.16,25.41,4.81,9.51,1.14
2004,23.43,26.46,17.13,21.68,1.52,6.06,3.73
2005,14.02,21.73,23.5,27.74,2.47,5.06,5.48
2008,13.69,30.65,17.58,21.2,2.65,5.12,9.09
2009,16.22,20.33,15.63,37.02,2.94,3.41,4.47
2010,12.81,14.74,29.32,27.79,1.07,5.7,8.56
2011,19.5,27.23,18.19,26.21,1.51,5.23,2.13
2013,14.64,24.13,29.11,23.13,1.24,3.64,4.12
2014,8.06,26.01,17.81,32.59,3.36,6.38,5.77
2015,13.8,29.1,23.34,22.27,2.29,5.07,4.15
2016,13.44,22.22,16.32,38.39,1.24,4.71,3.67
2022,11.43,17.4,22.02,37.96,2.16,3.76,5.26
2024,16.45,26.66,25.81,19.31,1.5,4.16,6.12
2025,8.87,30.85,20.72,29.22,2.41,2.45,5.47
2027,18.96,20.19,16.21,39.15,0.27,1.65,3.57
2029,10.93,21.25,25.17,29.2,2.16,5.01,6.3
2033,21.95,17.8,14.63,37.56,1.46,5.85,0.73
2034,20.2,19.14,22.92,19.67,1.36,8.4,8.32
2035,11.55,25.22,18.39,30.72,0.0,12.33,1.79
2038,22.01,15.09,27.04,25.16,4.4,6.29,0.0
2039,13.91,24.63,11.15,27.07,1.8,18.05,3.39
2040,10.1,21.4,19.91,20.8,2.53,5.5,19.76
2041,15.47,26.84,21.0,28.26,2.54,3.48,2.41
2043,26.11,21.28,19.73,19.54,0.97,9.86,2.51
2044,12.31,19.85,21.54,34.15,1.23,4.31,6.62
2045,10.53,23.66,34.2,20.42,1.46,5.83,3.89
2047,6.54,16.2,24.96,35.96,5.5,5.94,4.91
2049,13.27,37.76,12.04,16.73,1.63,6.94,11.62
2050,17.89,23.28,15.66,31.54,0.6,6.51,4.53
2051,10.49,22.31,16.83,38.87,1.96,5.06,4.47
2052,13.31,19.52,22.41,29.3,3.2,6.21,6.04
2061,13.26,23.4,12.95,42.28,3.28,2.34,2.5
2063,18.53,19.53,19.53,33.71,0.31,6.84,1.55
2066,11.3,23.59,19.44,34.55,0.33,5.98,4.82
2067,23.56,31.18,12.08,29.19,0.35,2.7,0.94
2068,19.63,16.98,21.21,31.92,0.73,3.27,6.27
2072,14.87,32.8,16.91,23.03,1.6,7.73,3.06
2079,12.24,22.36,15.19,45.99,1.48,1.27,1.47
2086,24.4,17.06,15.44,34.9,0.34,5.46,2.39
2087,19.0,25.62,17.68,27.37,1.54,4.01,4.78
2089,12.71,12.1,23.89,33.84,6.43,3.22,7.81
2096,18.29,27.48,21.83,21.05,1.59,6.33,3.44
2097,12.76,27.17,20.1,27.93,2.01,6.74,3.28
2099,17.6,23.8,22.77,27.51,2.07,3.42,2.83
2102,11.09,22.75,20.75,34.21,1.47,5.61,4.12
2111,15.51,21.06,26.04,28.0,1.88,4.78,2.73
2113,15.27,28.55,14.82,32.11,0.74,5.89,2.62
2114,13.37,19.64,16.71,40.04,1.85,3.93,4.46
2115,19.1,23.16,18.94,29.69,1.1,4.88,3.12
2116,17.33,23.25,23.29,26.49,2.1,4.3,3.25
2121,18.17,30.2,18.46,25.11,1.05,4.01,2.99
2122,19.28,21.93,24.06,23.47,3.67,4.9,2.69
2123,13.11,24.68,19.19,36.93,0.26,5.31,0.52
2124,20.81,24.2,24.94,22.45,1.93,3.39,2.27
2125,21.15,19.23,26.75,22.52,2.55,5.16,2.62
2128,18.17,13.13,22.12,36.69,0.36,5.4,4.14
2129,15.73,22.51,18.06,33.84,1.52,3.85,4.5
2130,15.41,28.61,14.67,35.39,1.73,2.71,1.48
2131,24.21,21.23,21.0,22.75,3.77,3.15,3.89
2134,18.89,35.23,17.1,20.24,1.03,5.52,2.01
2135,18.68,35.36,19.33,19.74,1.89,2.36,2.63
2137,19.96,20.86,15.67,25.43,6.27,5.73,6.09
2138,10.17,19.17,5.47,56.13,1.05,2.43,5.59
2140,18.53,26.28,22.78,19.36,2.75,4.78,5.53
2143,27.36,25.69,16.19,20.6,2.68,3.75,3.75
2145,16.14,26.29,25.93,22.91,2.24,3.95,2.53
2147,16.45,37.43,12.43,26.46,2.41,3.0,1.82
2148,19.93,21.16,24.83,24.4,3.16,4.91,1.6
2149,19.68,26.84,15.37,32.81,1.87,2.02,1.41
2152,14.96,31.87,20.6,24.69,1.05,4.29,2.54
2153,30.86,21.18,17.78,20.46,2.8,4.73,2.19
2155,20.99,27.05,16.87,28.27,0.72,3.41,2.7
2160,21.74,23.81,21.47,25.6,1.14,3.39,2.85
2162,19.56,32.13,19.13,20.86,2.04,2.67,3.61
2163,21.44,31.09,15.4,25.11,1.55,4.18,1.23
2171,15.03,22.01,27.87,22.21,4.58,4.23,4.07
2172,29.36,47.23,1.28,21.7,0.0,0.0,0.43
2173,13.11,20.52,20.64,31.57,1.78,6.64,5.74
2174,19.64,21.97,24.37,19.67,3.01,7.08,4.27
2175,7.62,30.34,33.12,17.71,2.14,4.83,4.25
2177,17.19,19.05,22.94,27.53,3.42,5.6,4.28
2179,17.59,26.23,16.67,25.0,3.7,5.56,5.25
2183,14.52,25.99,27.62,18.71,2.99,6.35,3.83
2184,16.72,19.02,29.35,22.18,1.19,5.35,6.2
2185,15.99,23.49,31.0,20.42,2.46,4.31,2.34
2186,15.68,23.72,30.76,20.58,3.11,3.68,2.47
2189,13.66,25.3,27.62,22.79,2.17,4.99,3.48
2192,19.2,22.75,22.5,22.89,1.68,4.48,6.5
2194,24.53,19.22,16.41,30.0,1.56,4.22,4.06
2196,8.75,22.51,36.27,13.79,3.67,9.81,5.2
2197,13.36,22.68,27.62,21.84,3.23,6.76,4.5
2198,12.89,23.09,27.24,21.45,3.22,8.32,3.79
2200,13.16,32.18,22.54,23.01,1.55,4.24,3.34
2206,13.7,21.26,30.83,21.28,3.43,5.72,3.78
2208,18.43,28.35,22.99,21.28,3.18,2.53,3.24
2211,13.97,23.69,28.94,20.85,3.32,5.75,3.49
2213,15.02,31.61,24.59,18.24,3.29,3.29,3.96
2216,31.89,17.65,12.69,29.72,0.93,4.33,2.79
2217,10.1,26.76,29.12,24.39,0.47,1.82,7.35
2220,15.97,21.81,21.59,31.26,1.75,4.81,2.82
2221,15.87,16.19,34.36,23.76,1.67,4.64,3.51
2222,19.62,24.21,26.84,17.98,1.73,5.09,4.53
2223,18.69,18.03,21.63,28.53,1.65,5.01,6.48
2225,19.66,14.99,18.67,36.86,2.46,6.14,1.23
2226,26.24,25.87,20.92,21.85,0.53,3.33,1.26
2228,13.64,23.19,32.0,15.83,4.0,6.74,4.6
2230,32.34,32.34,8.96,18.41,0.0,4.48,3.49
2231,9.28,27.5,25.91,23.15,3.76,6.87,3.53
2233,13.57,25.28,26.39,23.56,1.92,5.35,3.94
2234,17.86,22.92,26.37,18.78,2.48,6.25,5.35
2235,10.12,30.32,28.33,19.38,3.9,4.9,3.05
2243,15.1,23.83,17.93,26.9,1.99,8.66,5.6
2250,18.13,12.52,21.43,33.99,6.03,2.37,5.51
2251,14.29,12.94,19.68,43.13,1.21,4.45,4.31
2254,9.1,21.94,26.62,30.61,2.73,4.53,4.47
2257,13.74,17.47,27.95,25.87,3.35,7.84,3.78
2258,16.34,6.81,12.58,39.17,10.96,3.63,10.51
2259,15.21,7.4,16.68,44.87,4.95,1.95,8.93
2260,11.43,4.33,13.96,58.0,2.17,3.85,6.26
2261,18.69,6.07,19.02,48.2,3.93,0.82,3.29
2262,9.12,26.59,15.9,33.29,5.14,4.0,5.96
2264,18.03,9.38,22.35,30.18,7.42,7.34,5.3
2265,15.03,10.18,20.96,32.27,6.66,4.52,10.4
2266,8.69,20.84,17.65,38.29,3.78,3.65,7.1
2270,27.33,8.0,12.0,37.17,3.33,1.17,11.01
2271,17.01,7.45,24.41,33.78,7.83,6.2,3.31
2272,13.62,22.79,25.43,29.2,2.54,2.61,3.8
2274,20.36,9.76,26.32,21.5,10.39,6.99,4.68
2275,21.03,8.8,25.8,28.4,6.17,3.88,5.91
2276,24.35,7.14,13.62,43.04,4.55,3.22,4.07
2277,13.4,7.72,16.53,40.71,6.51,3.06,12.07
2278,10.91,6.13,17.78,46.36,5.61,4.37,8.84
2279,13.25,12.44,24.07,32.2,3.41,8.54,6.09
2280,20.64,10.33,24.29,25.58,7.24,5.32,6.61
2281,29.88,10.12,15.93,25.36,10.61,4.0,4.08
2283,16.19,16.39,21.22,37.22,2.27,2.37,4.34
2291,8.62,27.27,19.98,33.59,3.33,3.64,3.58
2292,5.13,23.25,11.23,51.69,1.21,3.38,4.11
2293,9.25,25.96,26.34,24.55,4.24,3.68,5.97
2294,8.46,20.51,17.62,43.65,3.25,2.72,3.79
2295,11.16,23.51,19.76,29.93,4.18,3.94,7.53
2296,12.69,27.56,12.28,28.87,4.82,4.6,9.18
2298,6.41,31.21,15.63,36.46,1.82,3.8,4.67
2299,4.99,24.34,11.39,48.32,2.69,2.42,5.86
2300,4.86,20.38,12.06,57.57,2.41,1.6,1.11
2301,7.2,27.34,12.34,42.37,3.95,2.65,4.15
2302,10.76,28.65,15.38,35.47,2.5,4.01,3.22
2303,15.34,15.38,11.14,51.14,2.39,0.54,4.09
2304,10.46,27.96,16.46,29.61,4.79,4.16,6.55
2305,8.13,25.24,25.28,26.93,5.15,3.89,5.38
2306,8.07,27.65,22.39,28.05,3.91,5.16,4.77
2307,9.01,25.25,15.45,37.28,3.39,3.02,6.6
2308,8.44,34.44,13.94,31.15,4.03,2.65,5.34
2309,9.88,21.89,23.28,27.52,5.43,4.11,7.9
2310,9.41,27.7,13.37,39.67,3.87,2.37,3.61
2321,11.83,20.13,24.99,28.0,3.22,6.68,5.15
2323,10.06,17.53,30.28,26.53,3.42,7.37,4.81
2325,12.61,21.52,23.58,34.72,1.7,3.5,2.39
2328,12.21,22.43,22.25,28.11,3.39,6.89,4.72
2333,11.7,22.09,31.71,26.68,1.4,3.19,3.24
2335,13.2,16.05,24.03,30.37,2.32,8.08,5.95
2336,18.9,21.05,20.12,33.08,2.22,3.83,0.8
2337,12.38,24.39,24.26,30.51,0.54,3.54,4.38
2338,15.2,20.77,15.58,36.89,2.68,5.65,3.23
2401,24.82,21.3,9.11,35.68,2.2,1.6,5.3
2402,19.25,17.13,9.96,43.4,3.82,1.19,5.24
2403,19.17,29.81,11.6,28.67,4.1,2.92,3.73
2404,14.13,32.47,9.19,34.25,3.29,1.94,4.74
2405,19.77,27.57,8.65,39.04,1.34,1.03,2.6
2406,16.74,24.42,10.99,34.0,3.88,3.12,6.84
2407,19.84,15.98,16.28,36.38,2.94,3.31,5.27
2408,31.31,29.28,6.63,24.96,2.37,2.11,3.34
2421,13.79,45.89,6.62,26.53,1.72,1.16,4.29
2422,23.52,22.12,13.0,31.74,2.29,2.0,5.34
2423,27.39,23.91,2.61,36.09,0.43,3.04,6.52
2424,15.0,45.12,7.08,26.04,1.85,1.6,3.32
2425,20.27,20.73,7.72,38.65,2.12,3.93,6.59
2426,17.34,42.23,4.83,25.79,2.29,3.36,4.15
2427,16.96,30.22,8.56,36.29,2.18,2.03,3.76
2428,12.81,33.69,6.28,41.07,1.11,1.42,3.61
2429,21.18,28.04,10.29,34.19,0.89,1.86,3.55
2445,35.57,5.14,8.7,31.36,2.5,4.74,11.99
2455,42.6,5.74,15.02,23.2,4.9,4.01,4.54
2456,32.43,4.42,16.57,28.41,3.11,4.42,10.64
2457,35.3,4.07,13.83,31.58,3.51,2.91,8.78
2461,31.85,4.16,13.7,29.22,4.66,3.73,12.68
2463,40.37,10.8,7.64,22.26,2.16,1.33,15.45
2464,26.02,5.16,25.04,22.82,4.35,9.81,6.78
2465,29.7,6.12,18.56,27.79,3.66,5.13,9.03
2471,17.93,16.53,17.84,30.0,3.59,6.3,7.83
2472,16.22,16.22,19.84,33.85,3.31,5.93,4.62
2473,15.15,9.73,20.2,22.35,7.22,19.85,5.5
2474,17.11,5.11,22.92,32.81,5.0,13.15,3.91
2475,19.23,14.42,15.45,28.78,4.08,12.03,6.01
2476,22.88,17.72,16.59,27.52,3.61,5.67,6.03
2477,12.39,24.24,13.64,35.95,1.75,6.37,5.65
2478,16.29,9.29,16.86,39.73,4.65,8.67,4.53
2479,14.65,10.08,29.88,20.99,5.1,15.17,4.14
2480,18.99,20.8,15.63,32.62,3.53,4.49,3.94
2481,23.2,15.73,17.73,25.71,4.54,8.55,4.54
2491,23.26,26.62,12.06,26.0,1.74,7.09,3.23
2492,22.76,19.95,10.83,34.1,2.05,3.41,6.91
2493,21.96,13.01,20.75,32.73,2.91,3.17,5.49
2495,18.22,17.29,15.38,38.2,1.94,2.86,6.11
2497,16.35,11.94,30.48,32.47,1.9,2.63,4.24
2498,11.33,33.33,6.67,30.67,0.67,12.0,5.33
2499,20.99,18.84,13.02,31.68,3.6,4.53,7.34
2500,12.33,14.01,32.49,27.41,2.35,5.84,5.57
2501,14.96,21.77,20.74,29.99,2.43,4.02,6.09
2502,17.17,19.56,18.23,26.9,4.78,7.79,5.57
2503,15.08,15.87,20.36,32.59,4.68,4.96,6.44
2511,20.74,16.31,18.0,28.34,5.27,4.66,6.69
2513,16.91,14.02,27.63,25.86,3.46,6.03,6.09
2514,19.19,12.99,19.86,28.69,4.07,3.65,11.53
2516,19.44,24.54,15.72,28.4,1.87,3.24,6.8
2517,25.0,11.45,23.22,26.4,2.62,4.51,6.81
2518,17.61,24.64,14.58,30.07,2.23,3.26,7.6
2519,16.22,8.17,33.01,29.56,3.54,3.5,5.99
2520,15.51,22.54,22.63,26.28,3.2,4.73,5.11
2523,18.67,17.12,19.59,29.2,4.71,3.16,7.55
2524,13.41,22.76,30.89,20.73,2.03,4.47,5.69
2525,20.16,12.52,17.79,36.38,1.67,3.0,8.48
2526,31.91,8.24,21.74,22.56,5.4,3.47,6.69
2527,16.66,14.08,25.54,29.27,2.09,5.02,7.34
2528,21.76,7.15,23.04,38.57,1.54,3.05,4.9
2529,23.72,16.99,15.88,27.32,3.81,3.86,8.42
2530,19.97,12.95,25.86,28.85,2.0,2.97,7.41
2532,22.8,15.79,19.02,30.41,3.36,2.86,5.77
2534,19.42,10.56,28.09,24.1,3.24,7.57,7.01
2535,16.58,12.45,18.45,31.44,4.13,5.04,11.91
2541,21.85,16.67,15.0,30.56,6.48,3.89,5.55
2542,23.36,13.76,17.23,31.61,2.26,6.19,5.6
2543,23.86,12.89,18.3,30.99,3.66,2.64,7.65
2544,44.05,10.46,11.77,22.19,3.15,3.31,5.07
2545,21.41,11.39,20.34,35.12,3.39,4.0,4.35
2546,19.51,9.13,22.6,32.93,4.83,2.91,8.09
2547,24.21,8.59,17.17,37.5,2.4,4.91,5.22
2548,24.82,21.64,13.76,19.97,5.81,6.68,7.32
2549,52.63,25.26,1.05,13.68,0.0,1.05,6.32
2550,24.64,10.96,28.57,21.05,2.69,6.79,5.3
2551,24.05,13.83,16.89,26.49,3.2,7.26,8.28
2553,26.34,13.52,19.79,20.93,4.61,8.53,6.29
2554,26.87,10.99,20.1,25.94,3.89,6.36,5.85
2555,22.84,8.88,24.01,22.47,4.02,11.13,6.65
2556,18.83,12.68,14.29,33.32,3.24,3.74,13.89
2571,19.68,12.2,15.59,40.69,2.19,1.97,7.69
2572,20.88,10.31,15.74,40.07,2.94,3.4,6.66
2573,15.05,12.67,26.31,34.11,2.18,3.85,5.83
2574,26.37,4.49,14.45,39.06,2.73,5.47,7.42
2575,15.96,23.23,18.43,31.41,1.76,1.79,7.41
2576,18.11,12.09,19.55,36.68,2.98,3.67,6.92
2578,16.39,21.61,14.95,39.51,2.44,1.0,4.1
2579,23.2,13.46,14.85,34.89,3.61,3.4,6.59
2580,20.91,16.53,17.21,32.58,3.16,2.57,7.03
2581,18.11,10.39,31.24,20.3,4.51,8.79,6.67
2582,25.54,12.52,14.57,36.68,1.55,4.1,5.03
2583,23.93,9.89,21.31,31.99,3.24,3.57,6.07
2584,24.49,10.91,26.36,22.54,3.58,5.17,6.94
2585,17.01,17.25,11.91,36.74,4.1,3.48,9.52
2586,22.43,12.91,22.56,26.94,4.07,4.17,6.91
2601,24.99,11.16,28.42,14.64,4.49,11.79,4.51
2611,18.43,23.78,7.89,38.03,1.58,5.7,4.57
2612,27.88,34.35,7.1,19.01,4.06,4.06,3.55
2613,37.53,10.51,10.39,30.71,2.92,3.7,4.26
2614,25.53,16.66,9.8,39.06,2.32,3.63,2.98
2615,22.54,28.21,9.02,32.24,1.41,2.22,4.35
2616,19.82,15.68,10.15,44.06,3.8,2.14,4.35
2617,17.53,10.6,7.61,47.5,3.56,5.39,7.8
